time 	 X22Y22Z22 	 X33Y33Z33 	 X11Y22Z11 	 X21Y22Z33 	 X21Y22Z11
0	273.15	273.15	273.15	273.15	273.15
1	273.15	273.15	273.15	273.15	273.15
2	273.15	273.15	273.15	273.15	273.15
3	273.166	273.167	273.161	273.167	273.161
4	273.407	273.4	273.327	273.409	273.327
5	274.595	274.54	274.215	274.596	274.216
6	278.143	277.941	277.116	278.142	277.116
7	286.609	286.059	284.572	286.606	284.575
8	304.954	303.682	301.604	304.944	301.618
9	343.186	340.534	338.304	343.169	338.345
10	421.112	415.96	414.542	421.088	414.647
11	572.743	563.373	564.368	572.71	564.597
12	825.72	810.177	815.438	825.675	815.878
13	1090.75	1068.53	1078.46	1090.7	1079.23
14	1189.43	1162.66	1175	1189.36	1176.25
15	1138.74	1110.12	1122.04	1138.66	1123.94
16	1038.42	1009.64	1019.3	1038.33	1022.03
17	940.125	911.923	918.414	940.015	922.188
18	857.366	829.994	832.896	857.239	837.917
19	790.451	763.937	763.057	790.305	769.524
20	736.681	710.962	706.21	736.513	714.307
21	693.252	668.231	659.569	693.058	669.459
22	657.875	633.444	620.867	657.651	632.689
23	628.792	604.846	588.374	628.533	602.239
24	604.678	581.118	560.789	604.378	576.781
25	584.527	561.26	537.133	584.178	555.308
26	567.57	544.509	516.66	567.161	537.048
27	553.21	530.28	498.795	552.732	521.405
28	540.98	518.114	483.092	540.423	507.912
29	530.512	507.646	469.196	529.864	496.195
30	521.507	498.587	456.824	520.755	485.96
31	513.727	490.704	445.747	512.858	476.964
32	506.976	483.803	435.777	505.972	469.012
33	501.094	477.733	426.762	499.939	461.943
34	495.95	472.364	418.572	494.626	455.625
35	491.432	467.59	411.101	489.923	449.946
36	487.451	463.323	404.258	485.735	444.815
37	483.928	459.489	397.967	481.986	440.154
38	480.8	456.027	392.163	478.613	435.899
39	478.012	452.884	386.791	475.559	431.994
40	475.518	450.018	381.803	472.779	428.394
41	473.279	447.394	377.157	470.236	425.058
42	471.261	444.977	372.818	467.894	421.953
43	469.436	442.743	368.756	465.728	419.05
44	467.781	440.669	364.943	463.713	416.325
45	466.273	438.731	361.355	461.823	413.757
46	464.895	436.918	357.973	460.048	411.328
47	463.632	435.215	354.779	458.372	409.021
48	462.471	433.606	351.755	456.778	406.825
49	461.399	432.084	348.889	455.258	404.726
50	460.406	430.634	346.167	453.799	402.715
51	459.485	429.25	343.578	452.393	400.784
52	458.627	427.929	341.113	451.036	398.924
53	457.826	426.662	338.762	449.722	397.129
54	457.077	425.444	336.518	448.445	395.394
55	456.373	424.272	334.373	447.201	393.713
56	455.711	423.14	332.321	445.985	392.082
57	455.087	422.045	330.356	444.795	390.497
58	454.497	420.983	328.472	443.627	388.955
59	453.939	419.953	326.664	442.48	387.452
60	453.409	418.952	324.929	441.35	385.987
61	452.906	417.977	323.262	440.237	384.555
62	452.427	417.027	321.66	439.139	383.157
63	451.971	416.1	320.118	438.054	381.789
64	451.535	415.194	318.634	436.982	380.45
65	451.119	414.308	317.205	435.92	379.138
66	450.72	413.441	315.828	434.87	377.853
67	450.339	412.591	314.5	433.829	376.592
68	449.973	411.759	313.219	432.797	375.354
69	449.622	410.942	311.984	431.774	374.14
70	449.284	410.14	310.79	430.759	372.946
71	448.96	409.352	309.638	429.752	371.773
72	448.649	408.578	308.525	428.752	370.619
73	448.349	407.818	307.448	427.76	369.484
74	448.061	407.069	306.407	426.775	368.367
75	447.784	406.332	305.4	425.796	367.267
76	447.517	405.608	304.426	424.824	366.183
77	447.259	404.893	303.482	423.859	365.115
78	447.011	404.19	302.569	422.9	364.061
79	446.772	403.497	301.684	421.947	363.022
80	446.542	402.813	300.826	421.001	361.996
81	446.32	402.139	299.995	420.06	360.984
82	446.106	401.474	299.189	419.126	359.984
83	445.9	400.819	298.407	418.197	358.996
84	445.702	400.171	297.649	417.274	358.02
85	445.51	399.532	296.913	416.357	357.055
86	445.325	398.901	296.199	415.445	356.101
87	445.147	398.278	295.506	414.539	355.157
88	444.975	397.662	294.834	413.639	354.223
89	444.81	397.054	294.181	412.744	353.299
90	444.651	396.452	293.547	411.854	352.384
91	444.497	395.858	292.932	410.97	351.478
92	444.349	395.269	292.334	410.091	350.582
93	444.206	394.688	291.754	409.217	349.694
94	444.069	394.113	291.19	408.349	348.814
95	443.936	393.543	290.643	407.485	347.943
96	443.809	392.98	290.111	406.627	347.081
97	443.686	392.422	289.594	405.774	346.226
98	443.567	391.87	289.093	404.925	345.379
99	443.454	391.323	288.606	404.082	344.54
100	443.344	390.782	288.132	403.244	343.708
101	443.238	390.246	287.673	402.41	342.884
102	443.137	389.714	287.226	401.582	342.068
103	443.039	389.188	286.793	400.758	341.258
104	442.945	388.666	286.372	399.939	340.457
105	442.855	388.149	285.963	399.124	339.662
106	442.768	387.636	285.566	398.314	338.875
107	442.685	387.127	285.181	397.509	338.094
108	442.605	386.623	284.807	396.709	337.321
109	442.528	386.123	284.444	395.913	336.555
110	442.454	385.627	284.091	395.122	335.796
111	442.383	385.135	283.749	394.335	335.044
112	442.316	384.648	283.416	393.554	334.299
113	442.249	384.162	283.094	392.775	333.56
114	442.189	383.683	282.781	392.003	332.829
115	442.127	383.205	282.477	391.233	332.104
116	442.069	382.73	282.182	390.468	331.386
117	442.017	382.262	281.897	389.71	330.676
118	441.967	381.797	281.619	388.956	329.972
119	441.917	381.333	281.35	388.205	329.274
120	441.867	380.872	281.089	387.457	328.584
121	441.821	380.414	280.836	386.713	327.899
122	441.777	379.959	280.59	385.974	327.222
123	441.736	379.509	280.352	385.241	326.552
124	441.7	379.063	280.122	384.513	325.888
125	441.666	378.621	279.898	383.791	325.231
126	441.633	378.18	279.681	383.071	324.581
127	441.597	377.739	279.471	382.352	323.937
128	441.555	377.295	279.266	381.631	323.299
129	441.514	376.854	279.068	380.913	322.666
130	441.488	376.424	278.877	380.211	322.042
131	441.481	376.009	278.692	379.525	321.426
132	441.462	375.587	278.512	378.834	320.815
133	441.415	375.148	278.337	378.123	320.208
134	441.38	374.718	278.168	377.425	319.608
135	441.391	374.321	278.005	376.765	319.018
136	441.375	373.907	277.846	376.087	318.433
137	441.318	373.467	277.692	375.382	317.851
138	441.32	373.068	277.544	374.723	317.278
139	441.334	372.678	277.4	374.076	316.714
140	441.271	372.238	277.26	373.376	316.15
141	441.276	371.845	277.125	372.729	315.595
142	441.295	371.463	276.995	372.094	315.05
143	441.224	371.022	276.867	371.398	314.503
144	441.263	370.656	276.745	370.784	313.969
145	441.247	370.255	276.627	370.134	313.44
146	441.196	369.831	276.511	369.462	312.912
147	441.263	369.487	276.401	368.876	312.399
148	441.184	369.049	276.292	368.191	311.882
149	441.228	368.692	276.188	367.595	311.377
150	441.212	368.298	276.088	366.961	310.878
151	441.175	367.891	275.989	366.316	310.379
152	441.24	367.551	275.896	365.742	309.895
153	441.149	367.114	275.803	365.068	309.406
154	441.247	366.797	275.716	364.522	308.934
155	441.154	366.36	275.63	363.853	308.458
156	441.236	366.036	275.547	363.302	307.994
157	441.174	365.622	275.467	362.66	307.531
158	441.217	365.276	275.389	362.091	307.076
159	441.198	364.892	275.314	361.483	306.627
160	441.201	364.523	275.242	360.894	306.181
161	441.221	364.166	275.172	360.318	305.744
162	441.193	363.78	275.104	359.715	305.307
163	441.242	363.443	275.038	359.164	304.882
164	441.193	363.048	274.974	358.555	304.454
165	441.26	362.724	274.913	358.021	304.041
166	441.2	362.325	274.854	357.412	303.623
167	441.276	362.009	274.797	356.889	303.22
168	441.214	361.612	274.741	356.286	302.812
169	441.29	361.297	274.687	355.768	302.418
170	441.234	360.907	274.635	355.176	302.021
171	441.301	360.59	274.585	354.659	301.637
172	441.26	360.21	274.536	354.082	301.25
173	441.311	359.886	274.49	353.561	300.875
174	441.293	359.523	274.444	353.004	300.498
175	441.317	359.185	274.401	352.475	300.131
176	441.331	358.843	274.358	351.943	299.765
177	441.322	358.489	274.317	351.4	299.406
178	441.374	358.171	274.278	350.895	299.051
179	441.327	357.798	274.239	350.338	298.699
180	441.417	357.503	274.202	349.86	298.355
181	441.334	357.113	274.166	349.29	298.011
182	441.456	356.839	274.132	348.835	297.676
183	441.347	356.436	274.098	348.257	297.339
184	441.488	356.175	274.066	347.819	297.014
185	441.369	355.77	274.035	347.242	296.685
186	441.511	355.511	274.005	346.809	296.369
187	441.403	355.115	273.976	346.246	296.048
188	441.525	354.846	273.948	345.807	295.74
189	441.448	354.471	273.92	345.267	295.428
190	441.532	354.183	273.894	344.814	295.127
191	441.502	353.836	273.869	344.305	294.825
192	441.537	353.524	273.844	343.832	294.53
193	441.559	353.207	273.82	343.356	294.237
194	441.543	352.871	273.797	342.863	293.948
195	441.612	352.581	273.775	342.416	293.664
196	441.555	352.225	273.754	341.909	293.382
197	441.658	351.955	273.733	341.484	293.106
198	441.575	351.589	273.713	340.971	292.83
199	441.695	351.33	273.694	340.56	292.562
200	441.603	350.961	273.675	340.048	292.293
201	441.725	350.705	273.657	339.643	292.033
202	441.639	350.342	273.64	339.141	291.771
203	441.749	350.082	273.623	338.735	291.517
204	441.679	349.73	273.607	338.247	291.262
205	441.772	349.463	273.591	337.838	291.015
206	441.722	349.124	273.576	337.366	290.767
207	441.796	348.849	273.561	336.953	290.526
208	441.764	348.521	273.547	336.495	290.284
209	441.821	348.24	273.534	336.08	290.049
210	441.803	347.923	273.52	335.634	289.815
211	441.85	347.638	273.508	335.219	289.586
212	441.84	347.327	273.495	334.783	289.358
213	441.881	347.041	273.484	334.371	289.135
214	441.874	346.734	273.472	333.941	288.913
215	441.915	346.451	273.461	333.535	288.696
216	441.906	346.144	273.45	333.11	288.48
217	441.952	345.866	273.44	332.711	288.269
218	441.936	345.559	273.43	332.288	288.059
219	441.989	345.286	273.42	331.897	287.853
220	441.966	344.977	273.411	331.477	287.649
221	442.026	344.709	273.402	331.094	287.449
222	441.999	344.402	273.393	330.678	287.25
223	442.057	344.135	273.385	330.299	287.055
224	442.038	343.834	273.377	329.891	286.862
225	442.082	343.562	273.369	329.512	286.672
226	442.084	343.272	273.361	329.118	286.484
227	442.102	342.992	273.354	328.733	286.299
228	442.13	342.716	273.347	328.354	286.116
229	442.127	342.427	273.34	327.966	285.936
230	442.165	342.159	273.334	327.597	285.759
231	442.166	341.874	273.327	327.215	285.583
232	442.187	341.6	273.321	326.844	285.41
233	442.211	341.327	273.315	326.476	285.24
234	442.215	341.048	273.31	326.103	285.072
235	442.24	340.778	273.304	325.741	284.906
236	442.258	340.506	273.299	325.378	284.742
237	442.267	340.232	273.294	325.014	284.581
238	442.287	339.963	273.289	324.657	284.422
239	442.306	339.695	273.284	324.302	284.265
240	442.319	339.425	273.279	323.947	284.11
241	442.334	339.158	273.275	323.595	283.957
242	442.353	338.893	273.27	323.247	283.807
243	442.369	338.628	273.266	322.9	283.658
244	442.385	338.363	273.262	322.556	283.512
245	442.4	338.1	273.258	322.213	283.367
246	442.416	337.838	273.255	321.873	283.225
247	442.432	337.577	273.251	321.535	283.084
248	442.448	337.316	273.248	321.2	282.945
249	442.463	337.057	273.244	320.867	282.809
250	442.479	336.799	273.241	320.535	282.674
251	442.495	336.542	273.238	320.207	282.541
252	442.51	336.285	273.235	319.88	282.41
253	442.526	336.03	273.232	319.555	282.281
254	442.541	335.776	273.229	319.233	282.153
255	442.556	335.522	273.226	318.913	282.027
256	442.572	335.27	273.224	318.595	281.903
257	442.587	335.018	273.221	318.279	281.781
258	442.602	334.768	273.219	317.965	281.66
259	442.617	334.518	273.216	317.653	281.541
260	442.632	334.27	273.214	317.344	281.424
261	442.646	334.022	273.212	317.036	281.308
262	442.661	333.775	273.21	316.73	281.194
263	442.676	333.529	273.207	316.427	281.082
264	442.69	333.285	273.205	316.125	280.971
265	442.705	333.041	273.204	315.826	280.861
266	442.719	332.798	273.202	315.529	280.753
267	442.733	332.556	273.2	315.233	280.647
268	442.747	332.314	273.198	314.94	280.542
269	442.762	332.074	273.197	314.648	280.439
270	442.776	331.835	273.195	314.359	280.337
271	442.789	331.596	273.193	314.071	280.236
272	442.803	331.359	273.192	313.785	280.137
273	442.817	331.122	273.19	313.502	280.039
274	442.831	330.886	273.189	313.22	279.942
275	442.844	330.652	273.188	312.94	279.847
276	442.858	330.418	273.186	312.662	279.753
277	442.871	330.185	273.185	312.386	279.661
278	442.884	329.953	273.184	312.111	279.57
279	442.897	329.721	273.183	311.839	279.48
280	442.91	329.491	273.182	311.568	279.391
281	442.923	329.261	273.18	311.299	279.303
282	442.936	329.033	273.179	311.033	279.217
283	442.949	328.805	273.178	310.767	279.132
284	442.962	328.578	273.177	310.504	279.048
285	442.974	328.352	273.176	310.242	278.966
286	442.987	328.127	273.176	309.983	278.884
287	442.999	327.903	273.175	309.724	278.804
288	443.011	327.68	273.174	309.468	278.724
289	443.023	327.457	273.173	309.214	278.646
290	443.036	327.235	273.172	308.961	278.569
291	443.047	327.014	273.171	308.71	278.493
292	443.059	326.795	273.171	308.46	278.418
293	443.071	326.575	273.17	308.212	278.344
294	443.082	326.357	273.169	307.966	278.271
295	443.094	326.14	273.169	307.722	278.199
296	443.106	325.923	273.168	307.479	278.128
297	443.117	325.707	273.167	307.238	278.059
298	443.128	325.492	273.167	306.999	277.99
299	443.139	325.278	273.166	306.761	277.922
300	443.15	325.065	273.166	306.525	277.855
301	443.161	324.853	273.165	306.29	277.789
302	443.172	324.641	273.164	306.057	277.724
303	443.183	324.43	273.164	305.826	277.659
304	443.193	324.22	273.163	305.596	277.596
305	443.204	324.011	273.163	305.368	277.534
306	443.215	323.803	273.163	305.141	277.472
307	443.224	323.595	273.162	304.916	277.411
308	443.235	323.388	273.162	304.692	277.351
309	443.246	323.182	273.161	304.47	277.292
310	443.254	322.977	273.161	304.25	277.234
311	443.265	322.773	273.161	304.031	277.177
312	443.275	322.569	273.16	303.813	277.12
313	443.283	322.366	273.16	303.597	277.064
314	443.294	322.164	273.159	303.382	277.009
315	443.304	321.963	273.159	303.169	276.955
316	443.312	321.762	273.159	302.957	276.902
317	443.322	321.563	273.159	302.748	276.849
318	443.332	321.365	273.158	302.539	276.797
319	443.339	321.166	273.158	302.331	276.746
320	443.35	320.969	273.158	302.126	276.695
321	443.358	320.772	273.157	301.921	276.645
322	443.366	320.576	273.157	301.718	276.596
323	443.376	320.382	273.157	301.516	276.548
324	443.383	320.187	273.157	301.316	276.5
325	443.392	319.994	273.156	301.117	276.453
326	443.401	319.802	273.156	300.92	276.406
327	443.407	319.609	273.156	300.723	276.361
328	443.418	319.418	273.156	300.529	276.315
329	443.424	319.228	273.156	300.335	276.271
330	443.432	319.038	273.155	300.143	276.227
331	443.441	318.849	273.155	299.952	276.184
332	443.447	318.661	273.155	299.762	276.141
333	443.456	318.474	273.155	299.574	276.099
334	443.463	318.287	273.155	299.387	276.058
335	443.47	318.1	273.155	299.201	276.017
336	443.479	317.916	273.154	299.017	275.976
337	443.484	317.731	273.154	298.834	275.937
338	443.492	317.547	273.154	298.652	275.897
339	443.499	317.364	273.154	298.472	275.859
340	443.505	317.181	273.154	298.292	275.821
341	443.513	317	273.154	298.114	275.783
342	443.519	316.819	273.154	297.937	275.746
343	443.525	316.639	273.153	297.762	275.709
344	443.533	316.459	273.153	297.588	275.673
345	443.538	316.28	273.153	297.414	275.638
346	443.545	316.103	273.153	297.242	275.603
347	443.551	315.925	273.153	297.071	275.568
348	443.556	315.748	273.153	296.902	275.534
349	443.563	315.573	273.153	296.733	275.501
350	443.568	315.397	273.153	296.566	275.468
351	443.574	315.223	273.153	296.4	275.435
352	443.58	315.049	273.152	296.235	275.403
353	443.585	314.875	273.152	296.071	275.371
354	443.591	314.703	273.152	295.908	275.34
355	443.596	314.531	273.152	295.747	275.309
356	443.601	314.36	273.152	295.586	275.279
357	443.606	314.19	273.152	295.427	275.249
358	443.611	314.02	273.152	295.269	275.219
359	443.616	313.851	273.152	295.112	275.19
360	443.621	313.682	273.152	294.956	275.161
361	443.626	313.515	273.152	294.801	275.133
362	443.63	313.347	273.152	294.647	275.105
363	443.635	313.181	273.152	294.494	275.077
364	443.639	313.015	273.152	294.342	275.05
365	443.643	312.85	273.152	294.192	275.024
366	443.648	312.686	273.152	294.042	274.997
367	443.652	312.522	273.151	293.893	274.971
368	443.656	312.359	273.151	293.746	274.946
369	443.66	312.196	273.151	293.599	274.92
370	443.663	312.035	273.151	293.454	274.895
371	443.667	311.873	273.151	293.309	274.871
372	443.671	311.713	273.151	293.166	274.846
373	443.674	311.553	273.151	293.023	274.823
374	443.678	311.394	273.151	292.882	274.799
375	443.681	311.235	273.151	292.741	274.776
376	443.684	311.077	273.151	292.602	274.753
377	443.687	310.92	273.151	292.463	274.73
378	443.69	310.763	273.151	292.326	274.708
379	443.693	310.607	273.151	292.189	274.686
380	443.696	310.452	273.151	292.053	274.664
381	443.699	310.297	273.151	291.919	274.643
382	443.701	310.143	273.151	291.785	274.622
383	443.704	309.989	273.151	291.652	274.601
384	443.706	309.836	273.151	291.52	274.581
385	443.709	309.684	273.151	291.389	274.561
386	443.711	309.532	273.151	291.259	274.541
387	443.713	309.381	273.151	291.13	274.521
388	443.715	309.23	273.151	291.001	274.502
389	443.717	309.08	273.151	290.874	274.483
390	443.719	308.931	273.151	290.748	274.464
391	443.721	308.782	273.151	290.622	274.446
392	443.722	308.634	273.151	290.497	274.427
393	443.724	308.487	273.151	290.373	274.409
394	443.725	308.34	273.151	290.25	274.392
395	443.727	308.193	273.151	290.128	274.374
396	443.728	308.048	273.151	290.007	274.357
397	443.729	307.903	273.151	289.887	274.34
398	443.73	307.758	273.15	289.767	274.323
399	443.731	307.614	273.15	289.648	274.306
