Time	TC1	TC2	TC3	TC4	TC5	TC6	TC7	TC8
0	105	105	105	105	105	105	105	105
1	105	105	105	105	105	105	105	105
2	105	105	105	105	105	105	105	105
3	105	105	105	105	105	105	105	105
4	105	105	105	105	105	105	105	105
5	105	105	105	105	105	105	105	105
6	105	105	105	105	105	105	105	105
7	105	105	105	105	105	105	105	105
8	105	105	105	105	105	105	105	105
9	105	105	105	105	105	105	105	105
10	105	105	105	105	105	105	105	105
11	105	105	105	105	105	105	105	105
12	105	105	105	105	105	105	105	105
13	105	105	105	105	105	105	105	105
14	105	105	105	105	105	105	105	105
15	105	105	105	105	105	105	105	105
16	105	105	105	105	105	105	105	105
17	105	105	105	105	105	105	105	105
18	105	105	105	105	105	105	105	105
19	105	105	105	105	105	105	105	105
20	105	105	105	105	105	105	105	105
21	105	105	105	105	105	105	105	105
22	105	105	105	105	105	105	105	105
23	105	105	105	105	105	105	105	105
24	105	105	105	105	105	105	105	105
25	105	105	105	105	105	105	105	105
26	105	105	105	105	105	105	105	105
27	105	105	105	105	105	105	105	105
28	105	105	105	105	105	105	105	105
29	105	105	105	105	105	105	105	105
30	105	105	105	105	105	105	105	105
31	105	105	105	105	105	105	105	105
32	105	105	105	105	105	105	105	105
33	105	105.01	104.99	104.98	104.97	104.97	104.98	104.97
34	105.01	104.99	104.99	104.95	104.96	104.96	104.95	104.94
35	104.99	104.92	105.02	104.94	104.96	104.96	105.15	104.92
36	104.98	104.85	105.06	104.93	104.95	104.94	105.01	104.89
37	104.96	104.82	105.1	104.94	104.95	104.95	104.97	104.88
38	104.96	104.79	105.11	104.95	104.96	104.96	105.01	104.87
39	104.93	104.76	105.11	104.94	104.96	104.96	105.35	104.85
40	104.92	104.73	105.12	104.94	104.97	104.96	105.03	104.85
41	104.91	104.72	105.15	104.95	105.05	104.98	104.99	104.87
42	104.9	104.72	105.16	104.96	105.02	105	105	104.87
43	104.9	104.7	105.16	104.96	105.05	105.01	104.99	104.89
44	104.89	104.7	105.18	104.97	105.07	105.02	104.98	104.88
45	104.87	104.68	105.18	104.98	105.11	105.04	105	104.89
46	104.87	104.68	105.19	104.98	105.13	105.06	105	104.91
47	104.87	104.67	105.19	104.97	105.13	105.05	105.02	104.9
48	104.87	104.67	105.21	104.98	105.16	105.07	105.04	104.92
49	104.89	104.67	105.21	104.99	105.18	105.09	105.05	104.93
50	104.89	104.68	105.21	104.99	105.21	105.11	105.07	104.94
51	104.89	104.68	105.22	105	105.24	105.13	105.09	104.96
52	104.9	104.68	105.23	105.01	105.26	105.15	105.11	104.98
53	104.91	104.7	105.25	105.02	105.32	105.19	105.14	105
54	104.92	104.71	105.27	105.04	105.34	105.22	105.19	105.01
55	104.93	104.73	105.28	105.05	105.38	105.25	105.2	105.03
56	104.95	104.74	105.29	105.06	105.41	105.36	105.21	105.04
57	104.96	104.75	105.29	105.07	105.47	105.34	105.24	105.06
58	104.97	104.76	105.32	105.09	105.5	105.41	105.28	105.1
59	105	104.78	105.33	105.09	105.55	105.45	105.31	105.11
60	105.01	104.8	105.36	105.12	105.63	105.5	105.36	105.16
61	105.04	104.84	105.39	105.14	105.69	105.55	105.53	105.2
62	105.08	104.88	105.43	105.18	105.77	105.62	105.55	105.24
63	105.14	104.95	105.49	105.23	105.9	105.73	105.62	105.31
64	105.18	105	105.52	105.26	105.98	105.85	105.7	105.36
65	105.22	105.06	105.56	105.3	106.17	107	105.74	105.41
66	105.29	105.15	105.62	105.35	106.58	106.45	105.83	105.48
67	105.35	105.25	105.67	105.39	106.63	106.85	106.04	105.56
68	105.45	105.4	105.72	105.45	107.15	107.45	106.13	105.82
69	105.55	105.59	105.81	105.53	106.86	106.98	106.8	106.23
70	105.71	105.83	105.97	105.64	107.04	107.16	107.3	106.38
71	106.15	106.62	106.6	106.01	107.57	108.9	107.84	106.79
72	107.12	108.59	108.33	106.84	178.86	111.07	110.3	108.38
73	108.65	112.31	111.72	108.22	114.2	115.2	114.63	109.47
74	111.73	121.44	121.84	110.95	113.42	124.8	127.4	112.06
75	117.69	143.79	140.87	116.17	117.22	151.72	151.2	117.17
76	128.35	196.47	185.46	125.34	125.98	197.29	205.41	126.22
77	145.23	306.79	273.63	139.33	138.24	287.41	299.04	139.97
78	168.74	463.33	395.52	158.65	157.15	401.37	404.49	158.22
79	198.01	613.84	505.81	182.17	181.31	507.47	489.87	180.09
80	245.48	736.96	606.14	220.56	222.65	587.06	563.33	216.08
81	289.72	755.93	644.39	257.2	262.52	611.26	590.37	249.41
82	314.3	736.66	645.15	278.39	285.48	609.76	582.84	268.66
83	334.58	712.96	637.4	296.46	304.64	601.89	574.14	284.78
84	351.08	688.4	625.22	311.63	321.03	592.02	563.85	298.31
85	364.12	664.06	610.46	324.01	335.37	579.65	553.05	309.45
86	374.1	640.99	594.84	333.87	344.66	567.1	541.74	318.52
87	381.59	619.81	579.39	341.61	352.98	555.97	530.86	326
88	387.03	600.67	564.62	347.52	359.52	544.05	520.71	331.95
89	392.1	576.23	544.63	353.59	366.47	528.63	509.83	338.52
90	394.96	555.76	527.11	357.53	371.3	515.05	495.22	905.37
91	395.8	543.94	516.85	359.09	373.42	506.85	489.48	721.27
92	396.06	533.01	507.43	360.05	375	499.19	481.78	589.37
93	395.85	522.84	498.62	360.51	375.9	491.9	474.56	522.24
94	395.31	513.25	490.31	360.59	376.43	485.01	467.76	463.91
95	394.44	504.24	482.42	360.34	376.59	478.43	461.35	430.2
96	393.34	495.71	474.93	359.82	376.46	472.16	455.3	414.03
97	392.03	487.7	467.8	359.1	376.16	466.22	449.51	401.46
98	389.77	476.61	457.84	357.61	375.1	457.9	441.49	388.46
99	387.3	466.47	448.63	355.88	373.79	450.19	434.08	378.65
100	385.57	460.3	442.98	354.59	372.75	445.62	429.49	373.33
101	383.8	454.57	437.68	353.23	371.64	441.04	425.19	368.78
102	381.99	449.28	432.73	351.82	370.45	436.82	421.16	364.9
103	380.21	444.4	428.13	350.41	369.22	432.89	417.37	361.57
104	378.45	439.92	423.86	348.98	367.98	429.23	413.83	358.74
105	376.72	435.79	419.89	347.57	366.72	425.79	410.51	356.5
106	375.04	432	416.22	346.15	365.45	422.55	407.34	354.83
107	372.62	426.85	411.21	344.1	363.58	418.04	402.94	352.92
108	370.3	422.09	406.56	342.11	361.73	413.78	398.76	350.89
109	368.82	419.1	403.64	340.83	360.53	411.05	396.09	349.29
110	367.37	416.15	400.8	339.56	359.32	408.38	393.45	347.67
111	365.94	413.24	398.01	338.31	358.12	405.73	390.85	345.92
112	364.55	410.33	395.24	337.07	356.9	403.1	388.26	343.65
113	363.15	407.41	392.49	335.83	355.7	400.47	385.68	341.86
114	361.79	404.49	389.73	334.61	354.5	397.88	383.1	340.09
115	360.41	401.55	387.01	333.4	353.29	395.26	380.55	338.33
116	358.33	397.18	382.91	331.55	351.45	391.39	376.74	335.69
117	356.24	392.82	378.86	329.69	349.59	387.56	372.99	333.1
118	354.86	389.99	376.22	328.47	348.33	385.06	370.54	331.4
119	353.47	387.28	373.65	327.26	347.08	382.57	368.12	329.71
120	352.04	384.53	371.07	325.96	345.82	380.3	365.75	328.07
121	350.6	381.81	368.52	324.69	344.55	377.81	363.42	326.45
122	349.18	379.15	366.05	323.41	343.29	375.43	361.11	324.84
123	347.74	376.49	363.6	322.14	342.06	373.16	358.88	323.3
124	346.33	373.93	361.22	320.88	340.72	370.8	356.63	321.75
125	344.22	370.19	357.71	318.97	338.7	367.4	353.33	319.47
126	342.11	366.55	354.32	317.08	336.72	364.09	350.12	317.28
127	340.72	364.2	352.11	315.85	335.43	361.94	348.03	315.84
128	339.34	361.87	349.93	314.6	334.11	359.82	345.98	314.42
129	337.95	359.59	347.8	313.36	332.83	357.75	343.96	313.03
130	336.59	357.36	345.72	312.14	331.54	355.69	341.97	311.67
131	335.23	355.16	343.65	310.91	330.27	353.7	340.02	310.32
132	333.89	353.01	341.63	309.71	329	351.73	338.11	309
133	332.55	350.9	339.66	308.51	327.74	349.78	336.22	307.71
134	330.56	347.81	336.76	306.72	325.88	346.94	333.45	305.8
135	328.6	344.82	333.93	304.95	324.02	344.16	330.75	303.93
136	327.32	342.88	332.11	303.79	322.81	342.34	328.98	302.71
137	326.02	340.96	330.29	302.63	321.6	340.56	327.25	301.49
138	324.75	339.09	328.53	301.48	320.39	338.81	325.53	300.31
139	323.49	337.26	326.79	300.36	319.19	337.09	323.87	299.13
140	322.26	335.46	325.09	299.24	318.03	335.41	322.23	297.98
141	321.02	333.71	323.43	298.12	316.85	333.75	320.63	296.84
142	319.81	331.99	321.8	297.03	315.69	332.13	319.04	295.73
143	318.02	329.48	319.42	295.41	313.99	329.75	316.73	294.07
144	316.26	327.03	317.09	293.81	312.29	327.43	314.46	292.44
145	315.1	325.45	315.59	292.76	311.18	325.91	312.99	291.37
146	313.97	323.9	314.12	291.72	310.09	324.44	311.54	290.31
147	312.82	322.36	312.66	290.7	309	322.97	310.12	289.29
148	311.72	320.87	311.23	289.69	307.93	321.53	308.72	288.27
149	310.61	319.4	309.83	288.69	306.86	320.12	307.34	287.25
150	309.53	317.96	308.46	287.69	305.81	318.74	306	286.24
151	308.45	316.55	307.11	286.71	304.76	317.37	304.66	285.27
152	306.87	314.48	305.13	285.27	303.24	315.37	302.72	283.81
153	305.32	312.46	303.21	283.86	301.74	313.43	300.82	282.38
154	304.31	311.15	301.95	282.93	300.74	312.15	299.58	281.44
155	303.3	309.86	300.72	282.01	299.77	310.9	298.35	280.51
156	302.32	308.59	299.51	281.1	298.81	309.67	297.17	279.61
157	301.33	307.35	298.31	280.21	297.85	308.45	295.98	278.69
158	300.36	306.13	297.15	279.33	296.91	307.26	294.83	277.8
159	299.4	304.93	296	278.45	295.98	306.1	293.68	276.92
160	298.45	303.74	294.86	277.58	295.07	304.94	292.55	276.06
161	297.07	302.01	293.2	276.32	293.71	303.24	290.89	274.77
162	295.71	300.32	291.57	275.07	292.39	301.6	289.28	273.5
163	294.8	299.22	290.51	274.25	291.51	300.52	288.22	272.67
164	293.93	298.12	289.48	273.44	290.64	299.45	287.19	271.85
165	293.05	297.05	288.44	272.64	289.79	298.39	286.16	271.04
166	292.19	296	287.44	271.86	288.94	297.36	285.15	270.24
167	291.34	294.97	286.45	271.07	288.11	296.35	284.16	269.45
168	290.51	293.95	285.47	270.31	287.29	295.36	283.19	268.67
169	289.69	292.95	284.5	269.54	286.48	294.37	282.22	267.92
170	288.46	291.48	283.09	268.42	285.29	292.93	280.81	266.78
171	287.26	290.04	281.7	267.32	284.12	291.51	279.43	265.66
172	286.48	289.1	280.79	266.6	283.34	290.59	278.53	264.93
173	285.7	288.17	279.91	265.89	282.59	289.66	277.63	264.2
174	284.94	287.25	279.04	265.18	281.83	288.77	276.76	263.5
175	284.19	286.36	278.16	264.5	281.11	287.89	275.9	262.79
176	283.44	285.47	277.32	263.8	280.37	287.01	275.03	262.1
177	282.7	284.6	276.47	263.12	279.65	286.15	274.19	261.4
178	281.98	283.74	275.65	262.46	278.93	285.31	273.35	260.73
179	280.9	282.47	274.42	261.47	277.88	284.04	272.13	259.71
180	279.84	281.23	273.21	260.48	276.84	282.81	270.93	258.73
181	279.14	280.41	272.43	259.85	276.16	282.01	270.14	258.07
182	278.46	279.61	271.66	259.22	275.48	281.2	269.36	257.43
183	277.79	278.82	270.89	258.58	274.83	280.43	268.6	256.8
184	277.12	278.03	270.13	257.98	274.18	279.66	267.84	256.19
185	276.46	277.26	269.4	257.37	273.53	278.9	267.1	255.56
186	275.8	276.5	268.66	256.75	272.88	278.14	266.37	254.94
187	275.14	275.75	267.93	256.17	272.24	277.4	265.64	254.35
188	274.2	274.65	266.86	255.3	271.32	276.31	264.56	253.44
189	273.28	273.57	265.82	254.43	270.4	275.24	263.52	252.56
190	272.66	272.87	265.13	253.86	269.79	274.54	262.83	251.98
191	272.06	272.15	264.46	253.3	269.2	273.85	262.15	251.42
192	271.45	271.46	263.79	252.74	268.62	273.17	261.49	250.85
193	270.87	270.78	263.13	252.2	268.03	272.49	260.82	250.29
194	270.26	270.12	262.48	251.66	267.46	271.82	260.16	249.73
195	269.69	269.45	261.85	251.13	266.89	271.16	259.53	249.19
196	269.13	268.79	261.21	250.6	266.34	270.52	258.88	248.66
197	268.3	267.83	260.28	249.82	265.52	269.56	257.97	247.86
198	267.46	266.88	259.36	249.05	264.7	268.64	257.03	247.08
199	266.91	266.27	258.76	248.55	264.16	268.02	256.44	246.58
200	266.38	265.65	258.16	248.06	263.65	267.41	255.85	246.08
201	265.84	265.04	257.57	247.55	263.11	266.8	255.25	245.56
202	265.32	264.45	257.01	247.07	262.61	266.21	254.67	245.07
203	264.8	263.86	256.44	246.59	262.1	265.64	254.09	244.58
204	264.28	263.26	255.88	246.11	261.59	265.06	253.53	244.09
205	263.52	262.4	255.02	245.41	260.85	264.19	252.68	243.37
206	262.77	261.56	254.2	244.72	260.11	263.35	251.86	242.66
207	262.29	261.01	253.67	244.26	259.63	262.79	251.33	242.2
208	261.81	260.46	253.14	243.81	259.16	262.26	250.79	241.73
209	261.33	259.92	252.62	243.37	258.69	261.72	250.27	241.28
210	260.86	259.38	252.09	242.93	258.22	261.18	249.74	240.83
211	260.39	258.85	251.58	242.5	257.76	260.66	249.23	240.39
212	259.93	258.33	251.08	242.07	257.31	260.14	248.72	239.94
213	259.47	257.81	250.57	241.64	256.86	259.62	248.23	239.51
214	259.01	257.31	250.07	241.22	256.42	259.13	247.72	239.08
215	258.34	256.56	249.35	240.61	255.77	258.38	246.98	238.45
216	257.69	255.81	248.63	239.99	255.11	257.65	246.27	237.83
217	257.26	255.33	248.17	239.59	254.7	257.17	245.81	237.41
218	256.82	254.85	247.7	239.19	254.27	256.68	245.33	237.01
219	256.41	254.38	247.24	238.78	253.85	256.22	244.86	236.6
220	255.98	253.9	246.79	238.41	253.45	255.75	244.41	236.22
221	255.57	253.45	246.34	238.02	253.04	255.3	243.96	235.82
222	255.17	252.98	245.89	237.64	252.65	254.84	243.51	235.43
223	254.56	252.32	245.23	237.09	252.07	254.18	242.85	234.87
224	253.97	251.66	244.59	236.53	251.48	253.51	242.21	234.3
225	253.58	251.21	244.16	236.17	251.1	253.08	241.78	233.93
226	253.21	250.78	243.75	235.83	250.72	252.65	241.37	233.55
227	252.82	250.36	243.33	235.46	250.33	252.23	240.94	233.19
228	252.44	249.94	242.92	235.11	249.98	251.81	240.57	232.86
229	252.07	249.54	242.56	234.76	249.61	251.4	240.16	232.5
230	251.71	249.12	242.17	234.4	249.25	250.99	239.74	232.12
231	251.34	248.7	241.72	234.08	248.89	250.58	239.34	231.77
232	250.99	248.3	241.34	233.74	248.54	250.18	238.94	231.44
233	250.46	247.71	240.76	233.25	248.02	249.59	238.36	230.93
234	249.92	247.13	240.2	232.76	247.51	249.03	237.8	230.42
235	249.59	246.76	239.81	232.44	247.17	248.64	237.43	230.09
236	249.24	246.36	239.44	232.12	246.83	248.27	237.06	229.76
237	248.91	245.99	239.09	231.8	246.51	247.88	236.69	229.45
238	248.58	245.63	238.73	231.51	246.18	247.53	236.34	229.12
239	248.25	245.26	238.37	231.19	245.87	247.16	235.96	228.8
240	247.9	244.9	238.02	230.88	245.53	246.8	235.63	228.52
241	247.43	244.36	237.5	230.44	245.07	246.27	235.09	228.04
242	246.95	243.84	236.98	229.99	244.6	245.75	234.56	227.57
243	246.63	243.47	236.64	229.7	244.28	245.4	234.23	227.27
244	246.33	243.15	236.31	229.41	243.98	245.05	233.89	226.99
245	246.03	242.82	236	229.12	243.69	244.72	233.57	226.68
246	245.73	242.47	235.65	228.84	243.39	244.38	233.23	226.39
247	245.42	242.14	235.33	228.56	243.1	244.06	232.91	226.11
248	245.13	241.82	235.01	228.29	242.81	243.74	232.6	225.82
249	244.84	241.48	234.69	228.01	242.52	243.42	232.29	225.54
250	244.55	241.17	234.39	227.74	242.24	243.09	231.96	225.27
251	244.12	240.69	233.92	227.35	241.83	242.62	231.5	224.87
252	243.7	240.23	233.46	226.94	241.41	242.15	231.03	224.45
253	243.42	239.94	233.17	226.69	241.14	241.85	230.75	224.19
254	243.15	239.62	232.87	226.43	240.88	241.55	230.44	223.93
255	242.89	239.33	232.59	226.18	240.61	241.26	230.16	223.67
256	242.62	239.03	232.29	225.94	240.37	240.96	229.87	223.41
257	242.35	238.73	232.02	225.69	240.1	240.68	229.59	223.16
258	242.1	238.46	231.74	225.45	239.85	240.39	229.32	222.9
259	241.84	238.17	231.46	225.21	239.6	240.12	229.02	222.68
260	241.46	237.75	231.05	224.85	239.23	239.69	228.61	222.3
261	241.08	237.34	230.65	224.49	238.85	239.28	228.2	221.93
262	240.84	237.06	230.37	224.26	238.61	238.99	227.96	221.7
263	240.59	236.79	230.11	224.03	238.38	238.73	227.66	221.45
264	240.35	236.53	229.85	223.8	238.14	238.47	227.42	221.23
265	240.11	236.27	229.6	223.6	237.91	238.23	227.16	221
266	239.86	236	229.33	223.35	237.74	237.96	226.91	220.71
267	239.53	235.63	228.98	223.12	237.74	237.69	226.61	220.36
268	239.22	235.18	228.58	222.86	237.48	237.39	226.27	220.06
269	238.83	234.61	228.07	222.46	237.09	236.99	225.84	219.67
270	238.46	234.13	227.64	222.11	236.66	236.53	225.42	219.25
271	238.23	233.84	227.36	221.85	236.34	236.18	225.13	218.95
272	237.99	233.56	227.08	221.64	236.05	235.89	224.89	218.73
273	237.77	233.32	226.84	221.4	235.77	235.56	224.63	218.42
274	237.52	233.05	226.59	221.18	235.49	235.25	224.37	218.19
275	237.31	232.8	226.35	220.95	235.22	234.95	224.11	217.93
276	237.09	232.55	226.1	220.71	234.97	234.67	223.91	217.69
277	236.86	232.28	225.84	220.49	234.66	234.31	223.64	217.46
278	236.51	231.91	225.48	220.16	234.3	233.87	223.29	217.11
279	236.17	231.53	225.11	219.82	233.93	233.44	222.95	216.79
280	235.94	231.28	224.87	219.6	233.68	233.14	222.71	216.59
281	235.72	231.03	224.66	219.39	233.41	232.81	222.45	216.34
282	235.5	230.8	224.42	219.17	233.2	232.54	222.23	216.08
283	235.28	230.56	224.19	218.97	232.93	232.22	221.99	215.88
284	235.08	230.31	223.95	218.73	232.71	231.91	221.75	215.62
285	234.86	230.09	223.71	218.51	232.39	231.57	221.49	215.33
286	234.65	229.85	223.49	218.27	232.07	231.24	221.24	215.11
287	234.31	229.47	223.14	217.93	231.77	230.84	220.93	214.78
288	233.99	229.12	222.79	217.59	231.47	230.45	220.6	214.44
289	233.75	228.87	222.51	217.33	231.21	230.13	220.36	214.18
290	233.53	228.6	222.27	217.09	230.97	229.79	220.08	213.86
291	233.31	228.37	222.04	216.88	230.69	229.5	219.89	213.69
292	233.1	228.11	221.8	216.65	230.56	229.3	219.73	213.47
293	232.9	227.89	221.57	216.42	229.9	228.75	219.34	213.19
294	232.69	227.67	221.35	216.2	229.59	228.4	219.18	213.02
295	232.39	227.31	220.99	215.84	229.22	227.96	218.78	212.48
296	232.1	226.96	220.63	215.48	228.79	227.42	218.36	212.03
297	231.9	226.72	220.4	215.24	228.86	227.35	218.23	211.81
298	231.7	226.5	220.19	215.03	228.82	227.2	218.07	211.58
299	231.51	226.27	219.97	214.81	228.67	226.97	217.89	211.38
300	231.3	226.02	219.71	214.57	228.45	226.7	217.7	211.17
301	231.07	225.74	219.36	214.31	228.18	226.45	217.43	210.81
302	230.85	225.48	219.08	214.08	227.78	226.07	217.12	210.41
303	230.63	225.24	218.9	213.87	227.71	225.92	217	210.28
304	230.4	224.96	218.61	213.57	227.36	225.61	216.71	209.87
305	230.06	224.52	218.2	213.29	227.01	225.17	216.36	209.38
306	229.72	224.18	217.81	212.98	226.8	224.87	216.05	208.95
307	229.49	223.93	217.58	212.77	226.4	224.56	215.74	208.72
308	229.28	223.7	217.42	212.57	226.21	224.35	215.59	208.59
309	229.09	223.41	217.2	212.34	226.16	224.2	215.49	208.4
310	228.92	223.23	217.04	212.18	226.1	224.04	215.33	208.19
311	228.75	223.04	216.87	211.99	226.01	223.88	215.17	207.97
312	228.59	222.83	216.69	211.81	225.78	223.68	215.03	207.75
313	228.44	222.65	216.56	211.64	225.69	223.49	214.88	207.61
314	228.18	222.25	216.12	211.24	225.23	222.93	214.41	207.04
315	227.89	221.95	215.77	210.96	224.66	222.46	213.92	206.27
316	227.69	221.79	215.64	210.79	224.58	222.26	213.76	205.98
317	227.52	221.57	215.44	210.61	224.51	222.03	213.56	205.77
318	227.36	221.38	215.23	210.43	224.41	221.81	213.31	205.43
319	227.2	221.16	215.07	210.24	223.88	221.36	213	205.26
320	227.03	220.91	214.87	210.02	223.74	221.28	212.85	205.16
321	226.85	220.7	214.66	209.82	223.75	221.13	212.72	204.98
322	226.68	220.51	214.4	209.6	223.69	220.95	212.55	204.74
323	226.41	220.22	214.15	209.34	223.45	220.58	212.27	204.45
324	226.14	219.87	213.89	209.06	222.98	220.25	212.05	204.22
325	225.98	219.66	213.72	208.91	223.01	220.11	211.91	204.08
326	225.8	219.47	213.54	208.72	222.87	219.92	211.76	203.94
327	225.62	219.22	213.34	208.53	222.71	219.75	211.62	203.74
328	225.45	219.06	213.18	208.41	222.43	219.46	211.38	203.46
329	225.29	218.87	212.99	208.2	222.12	219.21	211.1	203.2
330	225.12	218.56	212.75	207.99	221.7	218.88	210.8	202.75
331	224.97	218.42	212.56	207.78	221.17	218.47	210.58	202.61
332	224.7	218.16	212.29	207.52	220.82	218.01	210.15	201.94
333	224.45	217.86	212	207.24	220.72	217.77	209.95	201.71
334	224.28	217.62	211.82	207.05	220.48	217.67	209.82	201.63
335	224.12	217.45	211.7	206.91	220.64	217.59	209.72	201.49
336	223.97	217.3	211.55	206.74	220.71	217.52	209.64	201.36
337	223.82	217.14	211.4	206.6	220.67	217.46	209.56	201.17
338	223.68	217	211.28	206.41	220.65	217.35	209.45	201.04
339	223.54	216.73	211.03	206.2	220.47	217.17	209.3	200.9
340	223.38	216.57	210.84	206.02	220.43	216.99	209.14	200.77
341	223.17	216.19	210.49	205.7	220.22	216.7	208.91	200.61
342	222.95	215.86	210.21	205.44	219.74	216.25	208.64	200.32
343	222.79	215.77	210.06	205.29	219.64	216.11	208.48	200.08
344	222.63	215.62	209.93	205.12	219.58	215.95	208.38	199.95
345	222.48	215.45	209.75	204.97	219.52	215.84	208.28	199.79
346	222.33	215.24	209.58	204.79	219.33	215.7	208.12	199.61
347	222.18	215.06	209.41	204.63	219.13	215.53	207.99	199.47
348	222.04	214.94	209.29	204.48	218.94	215.29	207.85	199.32
349	221.82	214.67	209.03	204.21	218.8	215.01	207.6	199.09
350	221.59	214.28	208.62	203.86	218.45	214.7	207.36	198.79
351	221.45	214.04	208.37	203.62	217.96	214.34	207.15	198.6
352	221.3	213.89	208.26	203.46	217.74	214.19	207.04	198.47
353	221.15	213.75	208.08	203.27	217.65	214.04	206.9	198.33
354	221	213.58	207.91	203.09	217.71	213.9	206.75	198.09
355	220.86	213.45	207.8	202.94	217.63	213.73	206.65	198
356	220.71	213.26	207.66	202.8	217.54	213.54	206.46	197.78
357	220.55	213.12	207.52	202.67	217.46	213.39	206.32	197.6
358	220.34	212.93	207.32	202.45	217.22	213.14	206.1	197.4
359	220.14	212.73	207.12	202.25	216.92	212.9	205.94	197.23
360	220.02	212.5	206.98	202.1	216.87	212.77	205.81	197.03
361	219.88	212.27	206.8	201.92	216.59	212.58	205.58	196.69
362	219.74	212.05	206.56	201.68	216.47	212.44	205.45	196.52
363	219.58	211.95	206.37	201.52	216.26	212.29	205.36	196.36
364	219.43	211.83	206.24	201.41	215.98	212.1	205.21	196.1
365	219.29	211.74	206.1	201.27	215.81	211.89	205.08	196.01
366	219.14	211.62	205.99	201.16	215.7	211.67	204.88	195.82
367	219.01	211.46	205.9	201.03	215.58	211.46	204.71	195.66
368	218.81	211.24	205.67	200.78	215.46	211.2	204.52	195.44
369	218.62	211.07	205.46	200.56	215.34	210.98	204.32	195.19
370	218.49	210.9	205.33	200.39	214.92	210.78	204.13	195.01
371	218.36	210.77	205.17	200.2	214.7	210.52	203.83	194.7
372	218.23	210.56	204.95	200.03	214.13	210.28	203.66	194.54
373	218.08	210.4	204.78	199.9	213.92	210.11	203.53	194.44
374	217.93	210.27	204.65	199.75	213.74	209.96	203.37	194.3
375	217.79	210.16	204.55	199.61	213.49	209.83	203.23	194.04
376	217.57	209.85	204.34	199.4	213.07	209.49	202.94	193.81
377	217.36	209.48	204.06	199.13	213.03	209.33	202.8	193.63
378	217.24	209.44	203.96	198.98	212.77	209.15	202.62	193.5
379	217.1	209.22	203.68	198.73	212.58	208.9	202.49	193.34
380	216.97	209.09	203.56	198.58	212.59	208.69	202.37	193.13
381	216.84	209	203.42	198.47	212.76	208.62	202.33	192.97
382	216.69	208.77	203.23	198.28	212.6	208.53	202.22	192.84
383	216.54	208.59	203.07	198.11	212.03	208.26	202	192.68
384	216.38	208.57	202.98	197.98	211.91	208.11	201.86	192.63
385	216.24	208.47	202.87	197.83	211.8	207.91	201.8	192.63
386	216.03	208.21	202.71	197.62	211.94	207.8	201.72	192.44
387	215.82	207.92	202.5	197.36	211.87	207.56	201.6	192.26
388	215.68	207.85	202.36	197.23	211.92	207.48	201.52	192.12
389	215.55	207.66	202.21	197.09	211.88	207.35	201.42	192.01
390	215.42	207.48	202.08	196.93	211.76	207.14	201.22	191.75
391	215.29	207.41	201.95	196.79	211.63	207.05	201.18	191.72
392	215.15	207.34	201.82	196.64	211.46	206.77	200.93	191.32
393	215.02	207.12	201.69	196.51	211.11	206.51	200.78	191.17
394	214.88	206.93	201.54	196.37	210.57	206.04	200.39	190.77
395	214.66	206.69	201.32	196.15	210.15	205.71	200.15	190.54
396	214.45	206.54	201.14	195.9	210.41	205.73	200.15	190.49
397	214.32	206.49	201.02	195.75	210.2	205.39	199.79	190.04
398	214.19	206.34	200.91	195.6	209.99	205.34	199.74	190.02
399	214.06	206.24	200.8	195.46	210.11	205.4	199.78	189.8
400	213.92	206	200.65	195.33	209.56	204.99	199.6	189.58
401	213.8	205.84	200.52	195.19	209.63	204.93	199.53	189.38
402	213.65	205.73	200.39	195.04	209.66	204.89	199.43	189.12
403	213.45	205.51	200.19	194.82	209.4	204.6	199.19	188.75
404	213.25	205.21	199.91	194.57	209.36	204.4	198.9	188.25
405	213.1	205.11	199.81	194.46	209.33	204.39	198.8	188.02
406	212.97	205.02	199.71	194.3	209.17	204.24	198.74	187.96
407	212.85	204.86	199.56	194.19	209.05	204.07	198.6	187.9
408	212.72	204.69	199.37	194.04	208.87	204.03	198.5	187.6
409	212.61	204.71	199.32	193.91	208.69	203.81	198.31	187.4
410	212.48	204.59	199.24	193.78	208.29	203.59	198.16	187.3
411	212.36	204.51	199.12	193.65	208.03	203.42	198.18	187.43
412	212.26	204.47	199.03	193.53	208.09	203.34	197.95	187.05
413	212.07	204.36	198.89	193.33	207.6	202.88	197.65	186.68
414	211.9	204.2	198.69	193.16	207.2	202.54	197.49	186.76
415	211.79	204.14	198.6	193.04	207.29	202.71	197.58	186.85
416	211.66	203.99	198.49	192.92	207.13	202.73	197.56	186.82
417	211.55	203.91	198.39	192.82	207.25	202.73	197.51	186.79
418	211.43	203.85	198.32	192.74	207.25	202.63	197.43	186.78
419	211.31	203.73	198.2	192.61	207.06	202.39	197.28	186.72
420	211.19	203.61	198.1	192.49	206.77	202.22	197.2	186.78
421	211.07	203.47	197.95	192.35	206.57	202.07	197.03	186.64
422	210.88	203.27	197.78	192.17	206.2	201.85	196.84	186.49
423	210.7	203.06	197.61	191.99	206.1	201.69	196.68	186.35
424	210.59	203	197.52	191.87	206.06	201.6	196.6	186.28
425	210.47	202.93	197.44	191.76	206.09	201.53	196.57	186.22
426	210.37	202.78	197.31	191.62	206.18	201.48	196.49	186.18
427	210.25	202.68	197.22	191.5	206.19	201.4	196.45	186.14
428	210.15	202.58	197.11	191.38	206.12	201.3	196.36	185.93
429	210.04	202.43	196.98	191.23	205.88	201.08	196.23	185.87
430	209.92	202.33	196.88	191.12	205.72	200.98	196.14	185.84
431	209.76	202.2	196.75	190.93	205.1	200.7	195.9	185.41
432	209.6	202.08	196.61	190.76	204.8	200.35	195.63	185.22
433	209.49	201.98	196.49	190.61	204.77	200.18	195.5	185.07
434	209.39	201.87	196.4	190.49	204.79	200.11	195.39	184.93
435	209.29	201.77	196.3	190.39	204.68	200.02	195.28	184.86
436	209.17	201.67	196.2	190.26	204.51	199.9	195.15	184.76
437	209.08	201.54	196.1	190.16	204.56	199.89	195.14	184.66
438	208.97	201.42	195.99	190.03	204.61	199.84	195.11	184.6
439	208.82	201.27	195.83	189.85	204.56	199.74	195.05	184.55
440	208.66	201.14	195.69	189.7	204.52	199.68	194.99	184.44
441	208.57	201.05	195.6	189.6	204.43	199.59	194.88	184.37
442	208.46	200.95	195.51	189.48	204.33	199.4	194.76	184.35
443	208.36	200.83	195.41	189.38	204.13	199.26	194.68	184.29
444	208.25	200.72	195.31	189.27	203.93	199.13	194.58	184.17
445	208.15	200.63	195.22	189.19	203.88	199.05	194.5	184.06
446	208.06	200.56	195.13	189.06	203.77	198.91	194.37	183.98
447	207.96	200.42	195.02	188.96	203.62	198.8	194.24	183.89
448	207.86	200.31	194.9	188.84	203.5	198.71	194.12	183.79
449	207.7	200.08	194.7	188.65	203.45	198.59	194.02	183.62
450	207.57	199.94	194.58	188.5	203.47	198.51	193.92	183.47
451	207.47	199.91	194.48	188.38	203.39	198.43	193.82	183.38
452	207.37	199.82	194.4	188.27	203.32	198.37	193.75	183.33
453	207.3	199.76	194.32	188.19	203.24	198.3	193.65	183.21
454	207.19	199.7	194.26	188.07	203.16	198.16	193.54	182.96
455	207.09	199.62	194.19	187.97	203.13	198.15	193.53	182.82
456	207.01	199.5	194.12	187.86	202.91	198.13	193.48	182.71
457	206.92	199.41	194.03	187.77	202.84	197.99	193.35	182.59
458	206.8	199.28	193.93	187.62	202.68	197.76	193.16	182.44
459	206.66	199.16	193.81	187.49	202.48	197.52	192.94	182.27
460	206.58	199.08	193.72	187.38	202.38	197.44	192.84	182.19
461	206.49	199	193.63	187.28	202.32	197.37	192.78	182.06
462	206.4	198.91	193.56	187.17	202.3	197.29	192.74	181.98
463	206.32	198.81	193.5	187.1	202.29	197.27	192.71	181.92
464	206.23	198.74	193.41	187	202.11	197.17	192.61	181.81
465	206.15	198.67	193.31	186.9	201.99	197.08	192.53	181.71
466	206.06	198.6	193.21	186.8	201.89	196.99	192.46	181.66
467	205.92	198.47	193.03	186.64	201.81	196.9	192.3	181.49
468	205.77	198.32	192.87	186.5	201.73	196.79	192.2	181.41
469	205.68	198.25	192.79	186.4	201.62	196.67	192.1	181.26
470	205.58	198.18	192.7	186.31	201.55	196.6	192.02	181.18
471	205.47	198.1	192.6	186.22	201.47	196.49	191.88	181.06
472	205.38	198	192.53	186.13	201.36	196.39	191.8	180.99
473	205.28	197.93	192.45	186.03	201.24	196.28	191.71	180.91
474	205.19	197.85	192.39	185.93	201.18	196.21	191.65	180.82
475	205.11	197.77	192.33	185.86	201.06	196.1	191.56	180.69
476	204.98	197.56	192.22	185.71	200.95	195.98	191.42	180.55
477	204.87	197.37	192.1	185.57	200.83	195.86	191.31	180.44
478	204.78	197.34	191.99	185.46	200.74	195.79	191.23	180.36
479	204.69	197.3	191.91	185.37	200.64	195.73	191.16	180.27
480	204.61	197.21	191.8	185.27	200.54	195.64	191.07	180.15
481	204.52	197.12	191.7	185.16	200.46	195.54	190.97	180.04
482	204.44	197.05	191.59	185.08	200.39	195.47	190.89	179.91
483	204.35	196.98	191.49	184.98	200.28	195.35	190.78	179.83
484	204.27	196.9	191.39	184.89	200.23	195.31	190.71	179.78
485	204.15	196.79	191.27	184.76	200.1	195.18	190.59	179.66
486	204.01	196.69	191.15	184.64	199.98	195.06	190.47	179.56
487	203.94	196.61	191.07	184.55	199.86	194.98	190.39	179.49
488	203.94	196.61	191.07	184.55	199.86	194.98	190.39	179.49
489	203.78	196.45	190.89	184.38	199.65	194.86	190.24	179.3
490	203.7	196.38	190.84	184.32	199.55	194.8	190.17	179.23
491	203.62	196.29	190.79	184.23	199.47	194.74	190.09	179.14
492	203.53	196.2	190.72	184.15	199.4	194.64	190.01	179.07
493	203.42	196.09	190.6	184.02	199.27	194.52	189.87	178.94
494	203.33	195.98	190.49	183.9	199.16	194.39	189.75	178.83
495	203.23	195.88	190.39	183.81	199.08	194.3	189.66	178.76
496	203.15	195.8	190.31	183.71	199.01	194.27	189.59	178.66
497	203.06	195.71	190.24	183.64	198.89	194.15	189.47	178.49
498	202.97	195.61	190.16	183.56	198.82	194.05	189.37	178.39
499	202.9	195.52	190.1	183.49	198.82	193.99	189.29	178.31
500	202.83	195.45	190.02	183.41	198.75	193.94	189.22	178.24
501	202.75	195.37	189.94	183.34	198.68	193.86	189.14	178.14
502	202.63	195.27	189.82	183.21	198.57	193.73	189	177.99
503	202.51	195.16	189.7	183.08	198.42	193.6	188.87	177.86
504	202.43	195.06	189.62	183	198.33	193.5	188.77	177.78
505	202.35	194.99	189.54	182.91	198.27	193.44	188.7	177.71
506	202.28	194.91	189.47	182.84	198.2	193.38	188.63	177.63
507	202.19	194.81	189.4	182.74	198.07	193.31	188.55	177.55
508	202.12	194.73	189.3	182.69	197.95	193.22	188.45	177.45
509	202.03	194.66	189.22	182.59	197.85	193.14	188.37	177.37
510	201.95	194.59	189.12	182.51	197.79	193.07	188.29	177.32
511	201.82	194.49	189	182.4	197.68	192.98	188.17	177.17
512	201.71	194.38	188.87	182.29	197.57	192.86	188.04	177.08
513	201.62	194.32	188.79	182.21	197.49	192.8	187.96	176.95
514	201.53	194.25	188.71	182.14	197.37	192.7	187.87	176.86
515	201.43	194.18	188.65	182.06	197.28	192.61	187.8	176.74
516	201.35	194.12	188.56	181.99	197.25	192.56	187.71	176.63
517	201.25	194.03	188.48	181.93	197.23	192.53	187.64	176.59
518	201.18	193.94	188.42	181.85	197.14	192.47	187.57	176.58
519	201.1	193.86	188.38	181.78	197.06	192.4	187.51	176.5
520	201.02	193.75	188.31	181.7	196.93	192.32	187.43	176.46
521	200.93	193.64	188.21	181.58	196.83	192.2	187.28	176.3
522	200.83	193.55	188.09	181.47	196.76	192.1	187.16	176.16
523	200.77	193.5	188.01	181.38	196.67	192	187.06	176
524	200.7	193.43	187.92	181.29	196.55	191.91	186.98	175.88
525	200.63	193.33	187.8	181.21	196.46	191.84	186.88	175.78
526	200.53	193.26	187.71	181.16	196.44	191.79	186.79	175.78
527	200.46	193.19	187.61	181.05	196.36	191.7	186.72	175.65
528	200.37	193.1	187.53	180.99	196.3	191.65	186.65	175.56
529	200.27	193.02	187.44	180.91	196.3	191.62	186.56	175.52
530	200.16	192.91	187.32	180.81	196.21	191.52	186.48	175.43
531	200.03	192.8	187.22	180.7	196.07	191.35	186.34	175.37
532	199.95	192.75	187.16	180.61	196.01	191.26	186.19	175.18
533	199.89	192.66	187.07	180.54	195.91	191.2	186.1	175.09
534	199.81	192.58	187.01	180.46	195.84	191.15	186.04	175.02
535	199.74	192.51	186.92	180.39	195.84	191.13	185.99	174.9
536	199.67	192.45	186.86	180.33	195.8	191.07	185.91	174.79
537	199.58	192.39	186.8	180.27	195.7	190.97	185.82	174.7
538	199.48	192.3	186.71	180.14	195.55	190.83	185.66	174.47
539	199.38	192.21	186.63	180.04	195.41	190.73	185.57	174.33
540	199.31	192.13	186.56	179.97	195.33	190.7	185.52	174.23
541	199.24	192.06	186.49	179.87	195.25	190.67	185.45	174.16
542	199.2	192	186.45	179.82	195.23	190.63	185.38	174.11
543	199.13	191.91	186.36	179.73	195.17	190.56	185.32	174.02
544	199.07	191.85	186.29	179.65	195.07	190.49	185.25	173.91
545	199.02	191.8	186.21	179.58	195	190.42	185.19	173.84
546	198.95	191.73	186.13	179.51	194.9	190.37	185.13	173.73
547	198.84	191.63	186.04	179.4	194.78	190.23	184.97	173.67
548	198.74	191.52	185.95	179.31	194.68	190.13	184.83	173.51
549	198.68	191.46	185.88	179.24	194.59	190.03	184.73	173.4
550	198.6	191.4	185.79	179.16	194.51	189.94	184.64	173.28
551	198.53	191.34	185.72	179.09	194.43	189.87	184.56	173.21
552	198.46	191.27	185.63	179.02	194.36	189.83	184.5	173.09
553	198.4	191.22	185.54	178.95	194.33	189.81	184.44	173.02
554	198.31	191.15	185.46	178.85	194.28	189.73	184.34	172.94
555	198.25	191.07	185.36	178.76	194.24	189.65	184.24	172.87
556	198.17	190.98	185.27	178.7	194.2	189.6	184.16	172.82
557	198.05	190.87	185.15	178.61	194.15	189.51	184.04	172.73
558	197.93	190.76	185.03	178.5	194.09	189.42	183.92	172.64
559	197.84	190.68	184.96	178.41	194.06	189.38	183.86	172.57
560	197.77	190.64	184.91	178.37	194	189.32	183.78	172.5
561	197.7	190.56	184.84	178.3	193.95	189.27	183.72	172.45
562	197.61	190.47	184.75	178.24	193.91	189.22	183.66	172.39
563	197.53	190.39	184.69	178.17	193.87	189.16	183.59	172.33
564	197.46	190.33	184.61	178.09	193.78	189.08	183.52	172.31
565	197.34	190.22	184.5	177.99	193.73	189.04	183.4	172.2
566	197.25	190.11	184.39	177.89	193.66	188.95	183.26	172.09
567	197.18	190.03	184.33	177.82	193.59	188.86	183.15	172
568	197.11	189.96	184.25	177.74	193.48	188.76	183.07	171.91
569	197.02	189.88	184.19	177.67	193.42	188.7	182.98	171.82
570	196.95	189.82	184.08	177.61	193.36	188.64	182.91	171.74
571	196.86	189.74	184.02	177.54	193.31	188.58	182.83	171.66
572	196.79	189.66	183.94	177.47	193.25	188.53	182.76	171.59
573	196.72	189.58	183.88	177.42	193.21	188.48	182.7	171.5
574	196.61	189.5	183.8	177.31	193.14	188.42	182.59	171.41
575	196.5	189.4	183.7	177.21	193.06	188.37	182.53	171.34
576	196.44	189.33	183.6	177.14	192.96	188.32	182.48	171.22
577	196.36	189.26	183.54	177.05	192.83	188.24	182.41	171.12
578	196.3	189.19	183.48	176.99	192.71	188.12	182.34	171.02
579	196.23	189.11	183.39	176.92	192.64	188.09	182.28	170.91
580	196.16	189.05	183.33	176.87	192.61	188.04	182.23	170.82
581	196.09	189	183.3	176.79	192.55	187.9	182.09	170.69
582	196.02	188.95	183.25	176.72	192.56	187.88	182.03	170.75
583	195.93	188.86	183.17	176.62	192.56	187.87	181.93	170.66
584	195.83	188.78	183.07	176.52	192.5	187.85	181.85	170.5
585	195.79	188.73	183	176.46	192.35	187.71	181.75	170.47
586	195.73	188.68	182.92	176.39	192.28	187.63	181.64	170.37
587	195.67	188.62	182.85	176.32	192.22	187.55	181.51	170.3
588	195.59	188.56	182.78	176.26	192.14	187.47	181.45	170.28
589	195.53	188.51	182.75	176.19	192.06	187.42	181.42	170.23
590	195.47	188.45	182.69	176.13	191.98	187.39	181.38	170.17
591	195.4	188.37	182.63	176.06	191.88	187.37	181.34	170.08
592	195.3	188.26	182.54	175.96	191.79	187.29	181.21	169.97
593	195.23	188.17	182.43	175.84	191.67	187.14	181.09	169.74
594	195.18	188.11	182.36	175.78	191.59	187.08	181.02	169.69
595	195.12	188.05	182.3	175.72	191.54	187.04	180.95	169.63
596	195.06	187.96	182.24	175.64	191.51	186.98	180.86	169.56
597	195.01	187.88	182.17	175.58	191.46	186.93	180.8	169.53
598	194.95	187.82	182.1	175.52	191.41	186.89	180.76	169.48
599	194.88	187.76	182.02	175.44	191.31	186.83	180.72	169.4
600	194.82	187.7	181.95	175.38	191.22	186.77	180.65	169.3
601	194.74	187.61	181.82	175.28	191.07	186.66	180.52	169.16
602	194.63	187.52	181.72	175.19	190.96	186.56	180.42	169.05
603	194.57	187.46	181.66	175.13	190.86	186.51	180.35	168.97
604	194.51	187.41	181.57	175.06	190.77	186.44	180.29	168.88
605	194.44	187.33	181.5	174.99	190.71	186.37	180.21	168.8
606	194.37	187.27	181.41	174.93	190.68	186.32	180.14	168.72
607	194.3	187.2	181.34	174.86	190.6	186.24	180.06	168.68
608	194.23	187.14	181.28	174.8	190.5	186.16	179.99	168.63
609	194.17	187.08	181.22	174.74	190.46	186.12	179.92	168.52
610	194.05	187	181.14	174.64	190.42	186.01	179.76	168.42
611	193.97	186.91	181.05	174.54	190.37	185.92	179.64	168.33
612	193.89	186.86	180.98	174.47	190.32	185.86	179.57	168.25
613	193.82	186.8	180.91	174.41	190.28	185.8	179.49	168.18
614	193.76	186.74	180.86	174.35	190.23	185.75	179.44	168.06
615	193.71	186.68	180.8	174.29	190.15	185.71	179.37	168.02
616	193.63	186.62	180.75	174.23	190.11	185.63	179.28	167.96
617	193.57	186.55	180.68	174.16	190.07	185.58	179.22	167.91
618	193.52	186.49	180.62	174.09	190.02	185.53	179.17	167.87
619	193.44	186.39	180.54	173.99	189.93	185.46	179.06	167.77
620	193.35	186.27	180.43	173.89	189.85	185.38	178.97	167.68
621	193.29	186.21	180.37	173.83	189.79	185.34	178.92	167.61
622	193.22	186.14	180.3	173.76	189.71	185.29	178.86	167.53
623	193.16	186.06	180.24	173.7	189.64	185.25	178.8	167.46
624	193.1	185.99	180.17	173.63	189.57	185.19	178.74	167.4
625	193.03	185.92	180.11	173.58	189.5	185.14	178.67	167.31
626	192.96	185.84	180.04	173.51	189.38	185.04	178.59	167.19
627	192.89	185.78	179.97	173.45	189.28	184.96	178.51	167.07
628	192.81	185.71	179.89	173.38	189.19	184.89	178.42	166.97
629	192.73	185.64	179.78	173.29	189.05	184.8	178.29	166.8
630	192.62	185.55	179.68	173.2	188.92	184.69	178.17	166.69
631	192.55	185.49	179.61	173.13	188.84	184.58	178.08	166.6
632	192.49	185.43	179.57	173.08	188.77	184.45	177.98	166.5
633	192.43	185.35	179.47	173.02	188.74	184.39	177.88	166.4
634	192.36	185.3	179.43	172.96	188.69	184.32	177.81	166.35
635	192.3	185.24	179.37	172.89	188.68	184.26	177.72	166.29
636	192.24	185.18	179.31	172.84	188.66	184.19	177.65	166.26
637	192.15	185.08	179.22	172.74	188.64	184.18	177.57	166.24
638	192.05	184.98	179.12	172.64	188.54	184.09	177.46	166.08
639	191.98	184.91	179.06	172.59	188.45	184.02	177.4	165.96
640	191.93	184.86	179	172.54	188.34	184.01	177.37	165.91
641	191.86	184.8	178.94	172.46	188.26	183.98	177.33	165.86
642	191.79	184.74	178.85	172.41	188.19	183.95	177.27	165.77
643	191.74	184.69	178.8	172.36	188.1	183.87	177.19	165.71
644	191.66	184.64	178.74	172.29	188.03	183.74	177.08	165.62
645	191.6	184.57	178.66	172.22	187.95	183.68	177	165.52
646	191.51	184.49	178.56	172.13	187.87	183.63	176.91	165.41
647	191.4	184.4	178.46	172.04	187.8	183.57	176.83	165.29
648	191.34	184.34	178.4	171.97	187.73	183.5	176.75	165.29
649	191.28	184.28	178.34	171.91	187.64	183.43	176.67	165.19
650	191.22	184.2	178.28	171.85	187.58	183.37	176.6	165.14
651	191.14	184.15	178.19	171.78	187.58	183.36	176.53	165.13
652	191.08	184.09	178.14	171.73	187.58	183.3	176.46	165.08
653	191.03	184.03	178.08	171.67	187.55	183.24	176.39	165.02
654	190.97	183.98	178.02	171.61	187.54	183.26	176.38	165
655	190.88	183.88	177.95	171.52	187.44	183.18	176.28	164.96
656	190.79	183.78	177.87	171.43	187.38	183.08	176.16	164.85
657	190.73	183.72	177.8	171.37	187.33	183	176.11	164.81
658	190.68	183.67	177.75	171.32	187.29	182.96	176.05	164.75
659	190.61	183.6	177.68	171.24	187.23	182.91	175.99	164.61
660	190.56	183.55	177.62	171.2	187.17	182.83	175.92	164.57
661	190.48	183.47	177.53	171.13	187.1	182.83	175.88	164.5
662	190.41	183.41	177.47	171.06	186.98	182.74	175.8	164.43
663	190.35	183.36	177.4	171	186.87	182.67	175.73	164.31
664	190.25	183.28	177.31	170.92	186.73	182.54	175.59	164.26
665	190.15	183.19	177.21	170.82	186.6	182.36	175.45	164.23
666	190.1	183.12	177.15	170.77	186.54	182.36	175.4	164.1
667	190.03	183.07	177.08	170.71	186.5	182.31	175.32	164
668	189.97	183.02	177.02	170.65	186.45	182.27	175.27	163.93
669	189.91	182.96	176.94	170.59	186.4	182.25	175.22	163.85
670	189.85	182.9	176.88	170.53	186.36	182.21	175.17	163.81
671	189.79	182.85	176.84	170.48	186.35	182.17	175.11	163.76
672	189.73	182.79	176.76	170.41	186.31	182.11	175.06	163.66
673	189.63	182.71	176.66	170.32	186.2	182.03	174.95	163.62
674	189.53	182.63	176.57	170.23	186.09	181.94	174.84	163.6
675	189.46	182.57	176.51	170.18	186.04	181.86	174.77	163.58
676	189.39	182.5	176.44	170.11	185.99	181.78	174.69	163.51
677	189.33	182.45	176.4	170.06	185.94	181.71	174.62	163.45
678	189.26	182.39	176.31	170	185.9	181.65	174.55	163.39
679	189.2	182.33	176.26	169.95	185.84	181.59	174.47	163.28
680	189.12	182.26	176.19	169.87	185.76	181.52	174.4	163.16
681	189.07	182.22	176.12	169.82	185.7	181.49	174.35	163.11
682	188.96	182.11	176.02	169.74	185.54	181.44	174.23	162.97
683	188.86	182.02	175.92	169.65	185.45	181.37	174.16	162.88
684	188.78	181.97	175.85	169.58	185.38	181.33	174.09	162.82
685	188.72	181.92	175.79	169.53	185.33	181.26	174.02	162.77
686	188.64	181.84	175.75	169.48	185.27	181.2	173.96	162.69
687	188.58	181.79	175.68	169.41	185.24	181.16	173.89	162.63
688	188.52	181.73	175.62	169.35	185.16	181.07	173.82	162.63
689	188.46	181.67	175.56	169.29	185.07	180.99	173.74	162.56
690	188.41	181.62	175.49	169.24	185	180.91	173.67	162.51
691	188.36	181.55	175.44	169.17	184.92	180.88	173.6	162.36
692	188.28	181.47	175.35	169.08	184.83	180.82	173.51	162.22
693	188.21	181.38	175.28	169	184.78	180.78	173.42	162.15
694	188.13	181.32	175.22	168.94	184.77	180.74	173.36	162.11
695	188.09	181.27	175.16	168.87	184.73	180.67	173.31	162.07
696	188.03	181.2	175.09	168.81	184.77	180.71	173.26	162.07
697	187.98	181.14	175.03	168.78	184.72	180.65	173.22	162.14
698	187.92	181.08	174.96	168.7	184.64	180.58	173.15	162.1
699	187.87	181.03	174.9	168.64	184.64	180.5	173.05	162.01
700	187.78	180.94	174.82	168.55	184.58	180.36	172.9	161.88
701	187.69	180.85	174.73	168.48	184.49	180.29	172.84	161.82
702	187.64	180.79	174.68	168.42	184.41	180.28	172.8	161.79
703	187.58	180.73	174.62	168.35	184.33	180.23	172.75	161.71
704	187.51	180.65	174.55	168.3	184.23	180.13	172.68	161.62
705	187.46	180.58	174.48	168.25	184.13	180.09	172.64	161.61
706	187.4	180.54	174.42	168.19	184.08	179.98	172.52	161.54
707	187.33	180.48	174.36	168.12	184.06	179.94	172.45	161.51
708	187.28	180.42	174.3	168.07	184.02	179.85	172.38	161.46
709	187.18	180.33	174.2	167.98	183.98	179.74	172.27	161.41
710	187.09	180.25	174.11	167.89	183.85	179.7	172.18	161.28
711	187.03	180.18	174.03	167.83	183.79	179.67	172.13	161.17
712	186.96	180.12	173.96	167.78	183.75	179.64	172.08	161.14
713	186.89	180.06	173.91	167.71	183.63	179.62	172.04	161.09
714	186.82	180.01	173.82	167.65	183.59	179.56	171.98	161.03
715	186.76	179.94	173.76	167.6	183.54	179.5	171.94	161.05
716	186.68	179.88	173.71	167.54	183.48	179.47	171.86	160.91
717	186.62	179.83	173.64	167.48	183.44	179.4	171.8	160.83
718	186.52	179.75	173.57	167.39	183.37	179.29	171.67	160.74
719	186.43	179.67	173.48	167.31	183.32	179.22	171.56	160.68
720	186.37	179.61	173.42	167.25	183.28	179.2	171.54	160.64
721	186.31	179.56	173.36	167.19	183.22	179.17	171.49	160.54
722	186.26	179.5	173.29	167.13	183.14	179.08	171.41	160.49
723	186.2	179.45	173.22	167.08	183.13	179.08	171.38	160.48
724	186.14	179.4	173.17	167.03	183.04	179.01	171.32	160.4
725	186.09	179.34	173.12	166.96	182.97	178.95	171.26	160.38
726	186.03	179.28	173.07	166.9	182.89	178.9	171.2	160.28
727	185.93	179.2	172.98	166.83	182.85	178.8	171.09	160.25
728	185.85	179.12	172.89	166.74	182.79	178.68	170.97	160.12
729	185.78	179.06	172.83	166.68	182.74	178.62	170.9	160.14
730	185.73	179.01	172.76	166.63	182.65	178.5	170.84	160.13
731	185.67	178.95	172.73	166.57	182.62	178.43	170.75	160.09
732	185.62	178.9	172.64	166.53	182.56	178.44	170.7	160
733	185.56	178.84	172.58	166.46	182.49	178.41	170.65	159.93
734	185.5	178.77	172.53	166.4	182.38	178.38	170.6	159.81
735	185.44	178.71	172.47	166.36	182.32	178.32	170.56	159.8
736	185.35	178.62	172.37	166.26	182.21	178.24	170.44	159.68
737	185.26	178.53	172.28	166.17	182.1	178.16	170.35	159.58
738	185.2	178.48	172.22	166.12	182.03	178.08	170.28	159.45
739	185.14	178.42	172.16	166.06	182.01	178.06	170.23	159.38
740	185.07	178.36	172.1	166	181.86	178.01	170.16	159.31
741	185.02	178.31	172.03	165.94	181.87	177.94	170.05	159.23
742	184.96	178.25	171.99	165.9	181.86	177.84	169.96	159.16
743	184.9	178.19	171.93	165.84	181.83	177.78	169.9	159.07
744	184.84	178.14	171.87	165.79	181.79	177.73	169.85	159.04
745	184.76	178.06	171.78	165.71	181.73	177.64	169.76	158.85
746	184.67	177.97	171.69	165.63	181.67	177.6	169.69	158.82
747	184.61	177.93	171.64	165.58	181.6	177.58	169.65	158.67
748	184.55	177.86	171.58	165.51	181.53	177.55	169.58	158.61
749	184.49	177.79	171.52	165.46	181.44	177.48	169.52	158.54
750	184.41	177.73	171.45	165.41	181.36	177.44	169.47	158.47
751	184.36	177.67	171.37	165.35	181.29	177.4	169.41	158.48
752	184.3	177.62	171.32	165.29	181.26	177.37	169.36	158.47
753	184.21	177.55	171.24	165.23	181.21	177.32	169.31	158.4
754	184.11	177.45	171.15	165.16	181.12	177.28	169.22	158.28
755	184.02	177.36	171.06	165.07	181.05	177.17	169.12	158.21
756	183.94	177.29	171	165.02	181	177.11	169.05	158.17
757	183.88	177.24	170.93	164.96	180.94	177.08	169.03	158.15
758	183.81	177.18	170.88	164.9	180.88	177.04	168.96	158.01
759	183.75	177.11	170.82	164.85	180.8	176.98	168.89	157.91
760	183.68	177.06	170.76	164.79	180.69	176.91	168.82	157.84
761	183.63	177	170.7	164.73	180.61	176.89	168.79	157.85
762	183.57	176.94	170.65	164.69	180.54	176.85	168.74	157.81
763	183.46	176.85	170.56	164.61	180.49	176.76	168.6	157.75
764	183.38	176.76	170.48	164.53	180.47	176.64	168.51	157.7
765	183.33	176.71	170.42	164.47	180.45	176.58	168.45	157.62
766	183.26	176.66	170.36	164.42	180.45	176.5	168.37	157.56
767	183.21	176.59	170.31	164.36	180.39	176.47	168.32	157.43
768	183.15	176.54	170.25	164.31	180.31	176.41	168.27	157.35
769	183.09	176.5	170.2	164.25	180.24	176.34	168.21	157.28
770	183.03	176.43	170.14	164.21	180.17	176.3	168.16	157.23
771	182.97	176.37	170.08	164.15	180.09	176.24	168.1	157.2
772	182.88	176.29	169.97	164.06	180.01	176.19	168.01	157.11
773	182.79	176.2	169.89	163.98	179.93	176.08	167.92	157.02
774	182.72	176.13	169.83	163.92	179.84	176.01	167.86	156.96
775	182.66	176.08	169.78	163.87	179.77	175.95	167.78	156.9
776	182.6	176.02	169.7	163.8	179.74	175.91	167.72	156.88
777	182.54	175.95	169.64	163.75	179.68	175.91	167.67	156.84
778	182.47	175.89	169.59	163.72	179.65	175.87	167.59	156.77
779	182.42	175.84	169.53	163.65	179.6	175.8	167.52	156.75
780	182.36	175.78	169.48	163.59	179.55	175.74	167.48	156.71
781	182.31	175.73	169.43	163.53	179.5	175.68	167.41	156.68
782	182.22	175.66	169.35	163.46	179.43	175.6	167.3	156.53
783	182.14	175.59	169.28	163.37	179.34	175.52	167.22	156.46
784	182.09	175.53	169.22	163.32	179.26	175.47	167.17	156.4
785	182.04	175.49	169.18	163.27	179.21	175.45	167.12	156.36
786	182	175.43	169.11	163.21	179.16	175.41	167.07	156.31
787	181.93	175.37	169.06	163.16	179.09	175.31	166.97	156.24
788	181.89	175.31	169.02	163.1	179.05	175.23	166.91	156.24
789	181.83	175.28	168.96	163.05	178.98	175.21	166.89	156.18
790	181.76	175.19	168.87	162.98	178.86	175.15	166.81	156.04
791	181.67	175.11	168.77	162.9	178.78	175.07	166.72	155.97
792	181.63	175.06	168.74	162.84	178.72	175	166.65	155.87
793	181.57	174.99	168.67	162.79	178.65	174.94	166.58	155.78
794	181.51	174.92	168.62	162.73	178.63	174.9	166.53	155.71
795	181.44	174.87	168.52	162.69	178.55	174.83	166.46	155.65
796	181.39	174.82	168.49	162.63	178.53	174.78	166.4	155.62
797	181.33	174.76	168.43	162.57	178.49	174.75	166.35	155.55
798	181.27	174.71	168.37	162.54	178.42	174.69	166.31	155.49
799	181.19	174.64	168.28	162.44	178.33	174.63	166.22	155.41
800	181.11	174.56	168.2	162.35	178.22	174.48	166.09	155.23
801	181.06	174.5	168.13	162.31	178.17	174.4	166.02	155.12
802	180.99	174.44	168.09	162.26	178.11	174.33	165.95	155.01
803	180.92	174.37	168.02	162.2	178.05	174.29	165.88	154.96
804	180.87	174.32	167.96	162.14	178.01	174.31	165.86	154.96
805	180.82	174.25	167.9	162.1	177.95	174.27	165.81	154.96
806	180.76	174.2	167.84	162.05	177.9	174.22	165.77	154.94
807	180.69	174.15	167.79	161.99	177.84	174.15	165.7	154.86
808	180.6	174.04	167.7	161.91	177.76	174.1	165.6	154.79
809	180.49	173.95	167.61	161.83	177.68	174.04	165.52	154.75
810	180.43	173.9	167.55	161.78	177.67	173.99	165.46	154.73
811	180.38	173.84	167.5	161.73	177.67	173.97	165.42	154.71
812	180.31	173.79	167.45	161.69	177.63	173.92	165.36	154.66
813	180.25	173.73	167.37	161.62	177.59	173.88	165.31	154.63
814	180.19	173.67	167.33	161.59	177.51	173.85	165.26	154.59
815	180.12	173.61	167.27	161.52	177.42	173.76	165.17	154.54
816	180.08	173.56	167.22	161.47	177.37	173.69	165.1	154.48
817	179.98	173.49	167.15	161.39	177.3	173.53	164.99	154.39
818	179.89	173.4	167.07	161.31	177.19	173.47	164.9	154.21
819	179.84	173.36	167.01	161.26	177.08	173.48	164.87	154.16
820	179.78	173.3	166.95	161.2	177.04	173.41	164.81	154.11
821	179.71	173.24	166.89	161.15	177.03	173.38	164.77	154.06
822	179.67	173.19	166.83	161.11	176.98	173.33	164.71	153.98
823	179.61	173.13	166.78	161.05	176.91	173.26	164.65	153.9
824	179.57	173.07	166.72	161	176.81	173.19	164.59	153.82
825	179.5	173.02	166.67	160.95	176.75	173.11	164.52	153.75
826	179.41	172.94	166.59	160.87	176.65	173.03	164.43	153.69
827	179.33	172.85	166.5	160.79	176.61	172.98	164.35	153.67
828	179.26	172.79	166.45	160.74	176.59	172.95	164.33	153.68
829	179.21	172.74	166.39	160.69	176.49	172.9	164.26	153.54
830	179.15	172.69	166.32	160.63	176.44	172.82	164.21	153.48
831	179.09	172.63	166.26	160.58	176.41	172.79	164.14	153.45
832	179.03	172.57	166.21	160.56	176.36	172.74	164.11	153.48
833	178.97	172.55	166.12	160.47	176.34	172.69	164.04	153.5
834	178.92	172.49	166.09	160.4	176.33	172.64	163.93	153.39
835	178.83	172.39	166.01	160.33	176.25	172.57	163.85	153.29
836	178.75	172.32	165.92	160.24	176.12	172.51	163.78	153.13
837	178.7	172.25	165.87	160.18	176.04	172.43	163.7	153.02
838	178.64	172.18	165.81	160.14	175.95	172.35	163.65	152.96
839	178.59	172.12	165.75	160.09	175.93	172.34	163.6	152.93
840	178.53	172.07	165.69	160.04	175.84	172.24	163.51	152.83
841	178.46	172.01	165.64	159.99	175.72	172.19	163.44	152.79
842	178.4	171.96	165.58	159.93	175.68	172.17	163.42	152.8
843	178.34	171.9	165.54	159.89	175.65	172.17	163.37	152.75
844	178.25	171.83	165.47	159.81	175.6	172.06	163.26	152.69
845	178.16	171.75	165.37	159.72	175.54	171.99	163.19	152.65
846	178.12	171.69	165.32	159.67	175.46	171.97	163.15	152.58
847	178.06	171.65	165.27	159.63	175.43	171.93	163.1	152.56
848	178	171.6	165.21	159.57	175.4	171.88	163.05	152.45
849	177.95	171.54	165.14	159.52	175.33	171.82	163	152.41
850	177.89	171.48	165.11	159.47	175.26	171.74	162.95	152.35
851	177.85	171.43	165.05	159.43	175.17	171.68	162.88	152.29
852	177.77	171.38	165.01	159.39	175.07	171.56	162.79	152.26
853	177.69	171.3	164.92	159.29	175.03	171.45	162.68	152.13
854	177.61	171.21	164.85	159.22	174.94	171.4	162.62	152.06
855	177.56	171.15	164.79	159.17	174.9	171.39	162.58	152.01
856	177.51	171.11	164.73	159.13	174.88	171.35	162.51	151.96
857	177.46	171.06	164.68	159.07	174.85	171.31	162.44	151.93
858	177.41	171	164.62	159.01	174.85	171.26	162.37	151.9
859	177.35	170.93	164.55	158.97	174.82	171.22	162.33	151.87
860	177.29	170.87	164.5	158.92	174.76	171.18	162.3	151.8
861	177.23	170.81	164.45	158.87	174.69	171.11	162.26	151.74
862	177.13	170.73	164.36	158.79	174.57	170.97	162.14	151.61
863	177.03	170.64	164.26	158.72	174.48	170.86	162.02	151.52
864	176.96	170.58	164.2	158.67	174.4	170.7	161.86	151.41
865	176.91	170.53	164.15	158.63	174.38	170.63	161.77	151.26
866	176.85	170.48	164.1	158.57	174.29	170.57	161.74	151.31
867	176.78	170.44	164.05	158.51	174.26	170.59	161.76	151.35
868	176.73	170.39	163.99	158.47	174.23	170.61	161.71	151.28
869	176.68	170.33	163.94	158.42	174.22	170.57	161.66	151.24
870	176.63	170.26	163.9	158.36	174.19	170.49	161.56	151.13
871	176.56	170.18	163.82	158.28	174.13	170.42	161.5	151.05
872	176.47	170.11	163.75	158.22	174.09	170.39	161.45	150.99
873	176.42	170.07	163.7	158.17	174.03	170.36	161.4	150.94
874	176.36	170.01	163.65	158.11	173.98	170.33	161.35	150.9
875	176.32	169.96	163.59	158.05	173.94	170.28	161.29	150.86
876	176.26	169.91	163.53	158	173.89	170.23	161.23	150.81
877	176.21	169.86	163.48	157.95	173.83	170.16	161.18	150.76
878	176.15	169.81	163.41	157.91	173.78	170.11	161.12	150.7
879	176.1	169.75	163.38	157.86	173.73	170.07	161.07	150.65
880	176.02	169.67	163.29	157.78	173.65	169.98	160.97	150.58
881	175.94	169.58	163.2	157.71	173.56	169.9	160.91	150.47
882	175.87	169.52	163.14	157.65	173.46	169.85	160.87	150.43
883	175.81	169.47	163.08	157.6	173.36	169.78	160.78	150.31
884	175.74	169.42	163.03	157.55	173.33	169.77	160.78	150.31
885	175.68	169.36	162.96	157.5	173.26	169.72	160.71	150.19
886	175.62	169.3	162.91	157.47	173.2	169.65	160.65	150.14
887	175.56	169.24	162.86	157.4	173.16	169.62	160.61	150.1
888	175.5	169.18	162.81	157.35	173.13	169.56	160.55	150.04
889	175.41	169.11	162.73	157.28	173.02	169.46	160.46	149.95
890	175.34	169.03	162.65	157.22	172.96	169.4	160.39	149.92
891	175.27	168.97	162.6	157.16	172.92	169.36	160.31	149.82
892	175.22	168.94	162.54	157.11	172.83	169.33	160.26	149.85
893	175.16	168.88	162.5	157.05	172.8	169.29	160.21	149.82
894	175.1	168.83	162.43	157.01	172.73	169.25	160.16	149.8
895	175.06	168.78	162.39	156.96	172.68	169.21	160.14	149.76
896	175	168.71	162.33	156.91	172.63	169.17	160.1	149.73
897	174.94	168.65	162.28	156.86	172.62	169.11	160.05	149.69
898	174.87	168.58	162.2	156.78	172.5	168.97	159.9	149.53
899	174.78	168.5	162.11	156.71	172.44	168.89	159.82	149.46
900	174.73	168.45	162.07	156.67	172.41	168.88	159.76	149.44
901	174.68	168.4	162.02	156.61	172.36	168.81	159.71	149.38
902	174.63	168.34	161.96	156.56	172.28	168.74	159.65	149.33
903	174.58	168.29	161.89	156.53	172.2	168.68	159.6	149.3
904	174.51	168.23	161.85	156.47	172.19	168.67	159.56	149.25
905	174.46	168.19	161.8	156.42	172.17	168.64	159.51	149.2
906	174.41	168.14	161.76	156.38	172.14	168.6	159.47	149.15
907	174.34	168.07	161.69	156.3	172.06	168.52	159.38	149.08
908	174.24	167.99	161.6	156.22	171.99	168.45	159.3	149.01
909	174.19	167.94	161.56	156.18	171.94	168.39	159.24	148.96
910	174.14	167.89	161.5	156.12	171.89	168.35	159.2	148.92
911	174.09	167.84	161.45	156.07	171.83	168.32	159.16	148.88
912	174.03	167.78	161.38	156.04	171.78	168.29	159.12	148.85
913	173.98	167.73	161.35	155.98	171.73	168.25	159.07	148.79
914	173.94	167.69	161.3	155.94	171.67	168.19	159.01	148.75
915	173.9	167.63	161.25	155.89	171.62	168.13	158.98	148.7
916	173.8	167.56	161.18	155.82	171.53	168.08	158.89	148.64
917	173.73	167.48	161.11	155.74	171.45	168.01	158.81	148.57
918	173.68	167.42	161.05	155.69	171.35	167.98	158.78	148.53
919	173.63	167.38	161.01	155.63	171.25	167.89	158.69	148.48
920	173.58	167.33	160.94	155.58	171.2	167.81	158.61	148.47
921	173.54	167.29	160.87	155.54	171.15	167.66	158.52	148.47
922	173.48	167.23	160.83	155.5	171.06	167.69	158.53	148.48
923	173.43	167.18	160.79	155.45	170.95	167.58	158.45	148.41
924	173.37	167.13	160.74	155.4	170.94	167.45	158.32	148.3
925	173.29	167.06	160.66	155.32	170.79	167.38	158.26	148.29
926	173.21	166.99	160.58	155.24	170.77	167.39	158.17	148.12
927	173.16	166.93	160.53	155.19	170.75	167.36	158.12	148.02
928	173.11	166.89	160.49	155.15	170.72	167.27	158.05	147.95
929	173.05	166.84	160.45	155.1	170.67	167.23	157.99	147.91
930	173	166.78	160.35	155.06	170.61	167.21	157.97	147.86
931	172.94	166.73	160.32	155	170.55	167.16	157.94	147.8
932	172.89	166.68	160.26	154.96	170.5	167.11	157.88	147.73
933	172.84	166.63	160.21	154.91	170.47	167.07	157.82	147.69
934	172.75	166.53	160.13	154.84	170.44	167.03	157.76	147.65
935	172.66	166.45	160.04	154.75	170.37	166.96	157.69	147.52
936	172.6	166.39	159.98	154.71	170.31	166.88	157.63	147.45
937	172.54	166.34	159.94	154.66	170.29	166.84	157.58	147.44
938	172.48	166.28	159.88	154.62	170.25	166.81	157.55	147.41
939	172.43	166.24	159.81	154.58	170.21	166.77	157.49	147.36
940	172.37	166.18	159.77	154.52	170.16	166.72	157.44	147.32
941	172.3	166.13	159.72	154.46	170.1	166.69	157.4	147.28
942	172.24	166.07	159.67	154.42	170.04	166.64	157.36	147.21
943	172.16	166	159.6	154.35	169.95	166.57	157.28	147.15
944	172.06	165.93	159.52	154.27	169.86	166.49	157.18	147.07
945	172.01	165.88	159.47	154.23	169.82	166.43	157.12	147.02
946	171.96	165.84	159.43	154.18	169.77	166.38	157.07	146.96
947	171.92	165.79	159.38	154.14	169.73	166.33	157.03	146.92
948	171.87	165.75	159.32	154.09	169.66	166.27	156.98	146.86
949	171.8	165.69	159.28	154.04	169.59	166.24	156.94	146.83
950	171.76	165.64	159.22	153.98	169.53	166.19	156.87	146.77
951	171.71	165.58	159.17	153.94	169.48	166.13	156.8	146.72
952	171.64	165.51	159.09	153.87	169.36	166.08	156.72	146.69
953	171.56	165.44	159.02	153.79	169.22	165.98	156.63	146.59
954	171.5	165.39	158.96	153.74	169.2	165.91	156.58	146.54
955	171.45	165.34	158.91	153.69	169.17	165.82	156.51	146.5
956	171.4	165.29	158.86	153.65	169.13	165.76	156.45	146.45
957	171.36	165.24	158.8	153.6	169.07	165.72	156.4	146.4
958	171.3	165.2	158.76	153.57	169.02	165.71	156.38	146.37
959	171.24	165.13	158.7	153.51	168.93	165.67	156.35	146.28
960	171.19	165.08	158.65	153.46	168.87	165.63	156.29	146.28
961	171.12	165.01	158.57	153.38	168.8	165.54	156.18	146.18
962	171.02	164.93	158.51	153.31	168.75	165.43	156.08	146.07
963	170.97	164.88	158.45	153.27	168.72	165.37	156.02	146.03
964	170.93	164.84	158.4	153.21	168.67	165.3	155.97	145.97
965	170.87	164.78	158.35	153.17	168.65	165.26	155.91	145.91
966	170.81	164.74	158.3	153.12	168.6	165.19	155.84	145.83
967	170.77	164.69	158.25	153.08	168.57	165.15	155.81	145.77
968	170.71	164.63	158.2	153.02	168.53	165.11	155.77	145.75
969	170.67	164.58	158.15	152.98	168.49	165.05	155.69	145.68
970	170.6	164.5	158.07	152.92	168.4	164.94	155.59	145.58
971	170.51	164.43	158.01	152.85	168.31	164.89	155.53	145.52
972	170.46	164.38	157.96	152.8	168.29	164.81	155.47	145.53
973	170.4	164.33	157.9	152.75	168.12	164.7	155.39	145.37
974	170.33	164.28	157.84	152.7	168.12	164.7	155.34	145.36
975	170.27	164.22	157.77	152.65	168.09	164.72	155.34	145.27
976	170.22	164.16	157.72	152.6	167.98	164.65	155.29	145.18
977	170.16	164.11	157.67	152.56	167.88	164.59	155.23	145.12
978	170.11	164.06	157.63	152.51	167.86	164.55	155.19	145.07
979	170.02	163.99	157.55	152.45	167.77	164.48	155.1	145.09
980	169.94	163.91	157.48	152.37	167.69	164.43	155.05	145.04
981	169.9	163.87	157.44	152.33	167.69	164.44	155.03	145.06
982	169.86	163.82	157.38	152.28	167.68	164.42	154.97	145.02
983	169.79	163.75	157.33	152.22	167.66	164.35	154.89	144.97
984	169.72	163.7	157.27	152.19	167.58	164.23	154.83	144.98
985	169.68	163.64	157.23	152.15	167.46	164.19	154.78	144.8
986	169.62	163.59	157.17	152.09	167.33	164.17	154.77	144.78
987	169.56	163.53	157.12	152.04	167.31	164.11	154.72	144.75
988	169.48	163.47	157.04	151.98	167.28	164.08	154.64	144.72
989	169.4	163.39	156.96	151.89	167.25	163.99	154.56	144.64
990	169.33	163.34	156.91	151.85	167.22	163.96	154.51	144.59
991	169.3	163.3	156.87	151.8	167.2	163.93	154.49	144.59
992	169.24	163.24	156.82	151.75	167.14	163.93	154.44	144.55
993	169.18	163.19	156.77	151.72	167.11	163.89	154.39	144.52
994	169.13	163.14	156.72	151.68	167.08	163.82	154.33	144.47
995	169.07	163.08	156.66	151.63	167.03	163.74	154.28	144.41
996	169.02	163.05	156.62	151.58	166.97	163.68	154.22	144.36
997	168.94	162.98	156.55	151.51	166.91	163.6	154.13	144.29
998	168.86	162.91	156.47	151.44	166.85	163.53	154.04	144.22
999	168.8	162.85	156.42	151.39	166.79	163.45	153.98	144.18
1000	168.76	162.81	156.38	151.35	166.66	163.31	153.87	144.07
1001	168.71	162.75	156.33	151.3	166.57	163.36	153.92	144.08
1002	168.65	162.7	156.27	151.25	166.45	163.26	153.83	143.97
1003	168.61	162.65	156.22	151.21	166.4	163.24	153.8	143.92
1004	168.55	162.6	156.17	151.16	166.38	163.21	153.73	143.86
1005	168.5	162.55	156.12	151.11	166.36	163.16	153.69	143.81
1006	168.42	162.47	156.05	151.05	166.29	163.08	153.6	143.77
1007	168.33	162.4	155.97	150.98	166.27	163	153.49	143.64
1008	168.29	162.35	155.92	150.93	166.21	162.95	153.48	143.62
1009	168.24	162.3	155.88	150.89	166.16	162.93	153.42	143.58
1010	168.19	162.26	155.83	150.84	166.13	162.88	153.34	143.52
1011	168.14	162.2	155.79	150.8	166.04	162.72	153.24	143.37
1012	168.07	162.16	155.73	150.75	165.99	162.65	153.2	143.36
1013	168.03	162.11	155.7	150.71	165.89	162.62	153.13	143.25
1014	167.98	162.06	155.65	150.66	165.83	162.57	153.1	143.22
1015	167.91	162	155.58	150.58	165.71	162.44	152.99	143.09
1016	167.83	161.93	155.51	150.52	165.63	162.41	152.93	142.97
1017	167.79	161.88	155.46	150.47	165.59	162.36	152.89	142.92
1018	167.74	161.82	155.39	150.41	165.56	162.35	152.87	142.97
1019	167.69	161.75	155.33	150.36	165.56	162.34	152.83	142.97
1020	167.63	161.7	155.27	150.31	165.51	162.31	152.79	142.89
1021	167.58	161.65	155.22	150.28	165.42	162.25	152.74	142.88
1022	167.52	161.6	155.17	150.23	165.41	162.17	152.67	142.87
1023	167.46	161.55	155.13	150.18	165.37	162.14	152.63	142.9
1024	167.38	161.46	155.05	150.12	165.28	162.12	152.56	142.82
1025	167.3	161.39	155	150.05	165.15	162.1	152.54	142.8
1026	167.26	161.37	154.96	150	165.06	162.02	152.44	142.71
1027	167.21	161.33	154.91	149.96	164.88	161.92	152.37	142.67
1028	167.17	161.27	154.85	149.9	164.77	161.75	152.25	142.54
1029	167.13	161.24	154.8	149.86	164.73	161.62	152.16	142.45
1030	167.07	161.19	154.76	149.82	164.71	161.54	152.1	142.37
1031	167.02	161.15	154.71	149.77	164.63	161.5	152.05	142.25
1032	166.97	161.1	154.66	149.71	164.53	161.4	151.98	142.21
1033	166.91	161.02	154.57	149.65	164.56	161.37	151.91	142.17
1034	166.81	160.94	154.49	149.58	164.59	161.37	151.84	142.06
1035	166.76	160.88	154.45	149.54	164.58	161.29	151.78	141.95
1036	166.71	160.84	154.4	149.5	164.51	161.22	151.75	141.94
1037	166.66	160.79	154.34	149.45	164.42	161.13	151.67	141.85
1038	166.59	160.73	154.28	149.4	164.3	161.06	151.59	141.82
1039	166.54	160.67	154.24	149.35	164.28	161.04	151.56	141.91
1040	166.48	160.61	154.18	149.3	164.26	161.06	151.55	141.8
1041	166.43	160.57	154.15	149.26	164.21	161.03	151.5	141.77
1042	166.35	160.51	154.07	149.2	164.28	161.07	151.48	141.81
1043	166.27	160.43	154	149.12	164.23	161.04	151.43	141.74
1044	166.22	160.38	153.95	149.09	164.19	160.99	151.38	141.71
1045	166.17	160.34	153.9	149.04	164.15	160.94	151.33	141.67
1046	166.11	160.27	153.86	149	164.11	160.89	151.28	141.62
1047	166.06	160.24	153.83	148.94	164.07	160.86	151.23	141.56
1048	166.02	160.2	153.77	148.9	164.02	160.83	151.2	141.56
1049	165.98	160.17	153.73	148.85	163.96	160.82	151.18	141.53
1050	165.94	160.13	153.69	148.81	163.89	160.77	151.14	141.49
1051	165.89	160.05	153.6	148.73	163.79	160.68	151.05	141.42
1052	165.81	159.97	153.51	148.65	163.71	160.6	150.98	141.34
1053	165.75	159.92	153.45	148.61	163.67	160.57	150.95	141.32
1054	165.71	159.87	153.41	148.57	163.61	160.54	150.91	141.24
1055	165.65	159.81	153.36	148.53	163.57	160.48	150.85	141.17
1056	165.58	159.76	153.29	148.49	163.45	160.43	150.82	141.17
1057	165.52	159.71	153.26	148.43	163.4	160.4	150.78	141.06
1058	165.47	159.65	153.21	148.39	163.38	160.39	150.72	141.04
1059	165.42	159.61	153.17	148.34	163.38	160.33	150.68	141.05
1060	165.33	159.55	153.11	148.28	163.25	160.15	150.49	140.79
1061	165.25	159.47	153.04	148.2	163.26	160.17	150.48	140.82
1062	165.21	159.44	153	148.17	163.27	160.14	150.44	140.79
1063	165.15	159.38	152.96	148.13	163.24	160.09	150.4	140.77
1064	165.1	159.33	152.92	148.08	163.19	160.02	150.35	140.73
1065	165.06	159.29	152.85	148.03	163.14	159.97	150.31	140.7
1066	165.01	159.24	152.82	147.98	163.09	159.91	150.25	140.65
1067	164.97	159.19	152.78	147.93	163.05	159.88	150.21	140.62
1068	164.93	159.15	152.74	147.89	163.01	159.82	150.17	140.57
1069	164.85	159.09	152.66	147.83	162.92	159.75	150.09	140.52
1070	164.78	159	152.59	147.76	162.85	159.68	149.99	140.42
1071	164.72	158.94	152.54	147.71	162.8	159.6	149.92	140.39
1072	164.69	158.91	152.49	147.68	162.74	159.55	149.89	140.34
1073	164.62	158.86	152.44	147.63	162.67	159.5	149.84	140.31
1074	164.58	158.81	152.4	147.58	162.59	159.48	149.83	140.29
1075	164.52	158.76	152.35	147.54	162.44	159.43	149.77	140.24
1076	164.48	158.71	152.3	147.49	162.28	159.31	149.69	140.19
1077	164.44	158.68	152.26	147.44	162.17	159.2	149.57	140.1
1078	164.35	158.6	152.18	147.38	162.09	159.13	149.52	140.08
1079	164.28	158.53	152.09	147.3	162.02	159.12	149.47	139.98
1080	164.23	158.49	152.04	147.25	162.06	159.11	149.4	139.92
1081	164.18	158.43	151.99	147.2	161.99	158.97	149.3	139.89
1082	164.12	158.39	151.93	147.17	161.89	158.91	149.25	139.86
1083	164.06	158.32	151.87	147.12	161.77	158.81	149.2	139.81
1084	164.01	158.29	151.83	147.09	161.78	158.79	149.16	139.75
1085	163.96	158.24	151.79	147.04	161.78	158.77	149.13	139.73
1086	163.9	158.19	151.74	146.99	161.76	158.74	149.11	139.72
1087	163.82	158.12	151.67	146.93	161.73	158.73	149.07	139.71
1088	163.74	158.03	151.6	146.87	161.68	158.67	149.02	139.69
1089	163.68	157.98	151.55	146.83	161.59	158.62	148.99	139.69
1090	163.63	157.94	151.53	146.79	161.51	158.57	148.94	139.66
1091	163.59	157.9	151.48	146.73	161.48	158.45	148.87	139.59
1092	163.56	157.86	151.44	146.7	161.5	158.44	148.82	139.53
1093	163.51	157.81	151.37	146.66	161.48	158.38	148.75	139.45
1094	163.46	157.76	151.32	146.6	161.45	158.34	148.72	139.4
1095	163.41	157.72	151.27	146.55	161.44	158.29	148.52	139.14
1096	163.34	157.64	151.2	146.49	161.33	158.14	148.52	139.19
1097	163.26	157.58	151.13	146.42	161.31	158.16	148.48	139.11
1098	163.2	157.52	151.07	146.38	161.24	158.12	148.44	139.08
1099	163.14	157.47	151.02	146.34	161.2	158.1	148.42	139.03
1100	163.08	157.41	150.98	146.29	161.12	158.07	148.38	139.07
1101	163.03	157.36	150.92	146.25	161.04	158.04	148.37	138.97
1102	162.98	157.31	150.89	146.21	161.01	157.99	148.27	138.9
1103	162.93	157.28	150.86	146.17	161	157.93	148.24	138.88
1104	162.88	157.24	150.82	146.13	160.95	157.9	148.2	138.82
1105	162.81	157.17	150.75	146.06	160.91	157.83	148.13	138.78
1106	162.75	157.1	150.67	145.99	160.85	157.77	148.07	138.73
1107	162.7	157.06	150.61	145.95	160.8	157.77	148.06	138.7
1108	162.67	157.01	150.57	145.9	160.72	157.76	148.02	138.67
1109	162.61	156.96	150.51	145.85	160.63	157.65	147.95	138.62
1110	162.55	156.91	150.44	145.81	160.58	157.58	147.87	138.54
1111	162.5	156.85	150.41	145.76	160.51	157.51	147.81	138.49
1112	162.45	156.8	150.37	145.73	160.49	157.46	147.75	138.44
1113	162.38	156.74	150.31	145.67	160.46	157.38	147.69	138.4
1114	162.3	156.68	150.24	145.6	160.32	157.31	147.65	138.35
1115	162.23	156.6	150.17	145.53	160.17	157.24	147.58	138.3
1116	162.18	156.56	150.12	145.49	160.05	157.19	147.52	138.27
1117	162.1	156.51	150.07	145.44	159.96	157.11	147.44	138.23
1118	162.07	156.45	150.02	145.4	159.93	157	147.38	138.17
1119	162.02	156.4	149.96	145.37	159.91	156.88	147.31	138.16
1120	161.97	156.35	149.92	145.31	159.9	156.95	147.31	138.05
1121	161.92	156.31	149.89	145.27	159.84	156.97	147.32	138.09
1122	161.86	156.26	149.84	145.24	159.81	156.93	147.27	138.07
1123	161.79	156.18	149.77	145.17	159.74	156.94	147.22	137.94
1124	161.71	156.12	149.71	145.1	159.73	156.9	147.14	137.84
1125	161.67	156.08	149.67	145.06	159.72	156.77	147.04	137.79
1126	161.61	156.05	149.63	145.01	159.69	156.71	146.99	137.73
1127	161.58	156	149.58	144.97	159.67	156.67	146.95	137.7
1128	161.53	155.96	149.52	144.93	159.63	156.66	146.93	137.69
1129	161.5	155.91	149.48	144.88	159.5	156.64	146.89	137.69
1130	161.46	155.87	149.42	144.82	159.52	156.63	146.84	137.47
1131	161.4	155.82	149.39	144.79	159.46	156.58	146.76	137.44
1132	161.34	155.76	149.32	144.73	159.48	156.57	146.72	137.39
1133	161.27	155.7	149.26	144.66	159.32	156.39	146.61	137.37
1134	161.23	155.66	149.22	144.62	159.31	156.39	146.64	137.31
1135	161.16	155.63	149.17	144.57	159.28	156.38	146.59	137.3
1136	161.12	155.57	149.12	144.53	159.24	156.32	146.54	137.23
1137	161.06	155.52	149.08	144.5	159.21	156.27	146.49	137.21
1138	161.03	155.48	149.04	144.45	159.16	156.27	146.47	137.21
1139	160.98	155.44	148.99	144.4	159.08	156.16	146.43	137.18
1140	160.94	155.39	148.94	144.36	159	156.12	146.33	137.1
1141	160.86	155.31	148.85	144.29	158.9	156.02	146.25	136.98
1142	160.79	155.23	148.78	144.23	158.83	155.93	146.17	136.9
1143	160.74	155.17	148.73	144.18	158.75	155.87	146.11	136.87
1144	160.69	155.11	148.68	144.13	158.77	155.79	146.02	136.71
1145	160.62	155.06	148.62	144.09	158.76	155.77	145.98	136.72
1146	160.56	155.01	148.58	144.05	158.72	155.76	145.98	136.72
1147	160.51	154.96	148.53	144.01	158.58	155.64	145.91	136.63
1148	160.46	154.92	148.48	143.96	158.53	155.62	145.87	136.66
1149	160.4	154.86	148.44	143.93	158.44	155.52	145.81	136.64
1150	160.33	154.79	148.36	143.85	158.29	155.45	145.75	136.59
1151	160.25	154.71	148.3	143.79	158.26	155.4	145.64	136.52
1152	160.21	154.66	148.25	143.75	158.27	155.4	145.66	136.52
1153	160.15	154.62	148.21	143.7	158.26	155.4	145.62	136.49
1154	160.09	154.57	148.16	143.65	158.27	155.38	145.6	136.47
1155	160.04	154.53	148.13	143.62	158.25	155.33	145.57	136.41
1156	159.99	154.5	148.08	143.58	158.16	155.27	145.53	136.38
1157	159.95	154.45	148.05	143.55	158.14	155.2	145.47	136.29
1158	159.9	154.42	148.01	143.5	158.08	155.15	145.42	136.2
1159	159.84	154.37	147.94	143.43	158.02	155.11	145.34	136.14
1160	159.77	154.28	147.87	143.35	157.97	155.05	145.26	136.06
1161	159.73	154.24	147.81	143.32	157.91	154.98	145.2	136.03
1162	159.69	154.2	147.77	143.28	157.84	154.91	145.16	135.93
1163	159.64	154.15	147.72	143.22	157.78	154.87	145.15	136
1164	159.6	154.1	147.65	143.18	157.75	154.88	145.14	136.01
1165	159.56	154.05	147.62	143.15	157.69	154.79	145.06	135.94
1166	159.52	154	147.58	143.12	157.65	154.76	145.02	135.98
1167	159.46	153.95	147.53	143.07	157.49	154.68	144.92	135.89
1168	159.37	153.88	147.47	143.02	157.5	154.63	144.87	135.86
1169	159.29	153.82	147.41	142.95	157.44	154.55	144.8	135.78
1170	159.25	153.78	147.38	142.9	157.42	154.51	144.76	135.74
1171	159.21	153.73	147.35	142.86	157.39	154.48	144.71	135.7
1172	159.14	153.7	147.3	142.82	157.32	154.39	144.64	135.69
1173	159.11	153.66	147.25	142.77	157.24	154.39	144.62	135.66
1174	159.06	153.62	147.2	142.73	157.16	154.34	144.53	135.53
1175	159.02	153.56	147.14	142.68	157.12	154.3	144.53	135.55
1176	158.98	153.51	147.1	142.64	157.12	154.24	144.49	135.56
1177	158.9	153.45	147.03	142.59	156.95	154.21	144.44	135.52
1178	158.82	153.38	146.98	142.52	156.92	154.21	144.39	135.39
1179	158.78	153.34	146.93	142.48	156.82	154.05	144.28	135.32
1180	158.73	153.3	146.9	142.45	156.78	154.04	144.27	135.31
1181	158.68	153.25	146.86	142.4	156.78	154.06	144.23	135.27
1182	158.64	153.22	146.8	142.36	156.75	154.05	144.22	135.24
1183	158.58	153.17	146.76	142.32	156.69	153.98	144.16	135.18
1184	158.55	153.13	146.71	142.29	156.66	153.87	144.1	135.17
1185	158.49	153.08	146.67	142.22	156.63	153.79	144.02	135.08
1186	158.41	153.01	146.59	142.16	156.56	153.71	143.94	134.99
1187	158.33	152.93	146.52	142.1	156.53	153.63	143.84	134.86
1188	158.29	152.9	146.48	142.06	156.46	153.57	143.79	134.79
1189	158.24	152.84	146.42	142.02	156.42	153.53	143.77	134.78
1190	158.18	152.79	146.38	141.97	156.37	153.53	143.75	134.76
1191	158.13	152.75	146.34	141.92	156.35	153.55	143.66	134.69
1192	158.08	152.72	146.29	141.88	156.27	153.44	143.62	134.66
1193	158.05	152.68	146.25	141.84	156.2	153.34	143.56	134.58
1194	158	152.63	146.2	141.8	156.16	153.31	143.54	134.49
1195	157.92	152.57	146.14	141.73	156.12	153.32	143.49	134.41
1196	157.85	152.49	146.06	141.66	156.05	153.25	143.43	134.36
1197	157.81	152.44	146.01	141.63	156	153.21	143.4	134.39
1198	157.77	152.4	145.97	141.58	156	153.16	143.36	134.42
1199	157.71	152.36	145.92	141.54	155.91	153.02	143.25	134.42
1200	157.66	152.32	145.88	141.51	155.84	152.95	143.22	134.37
1201	157.62	152.27	145.84	141.46	155.76	152.91	143.19	134.27
1202	157.56	152.22	145.8	141.42	155.7	152.88	143.14	134.15
1203	157.53	152.18	145.76	141.38	155.66	152.86	143.1	134.09
1204	157.46	152.11	145.69	141.32	155.55	152.81	143.05	134.1
1205	157.38	152.05	145.62	141.24	155.41	152.7	142.92	133.86
1206	157.34	152	145.57	141.2	155.31	152.67	142.89	133.87
1207	157.28	151.95	145.52	141.16	155.24	152.63	142.81	133.91
1208	157.23	151.89	145.47	141.12	155.27	152.58	142.8	133.91
1209	157.18	151.84	145.4	141.09	155.26	152.56	142.78	133.86
1210	157.13	151.79	145.38	141.04	155.26	152.58	142.76	133.81
1211	157.07	151.74	145.32	141	155.23	152.58	142.73	133.74
1212	157.03	151.69	145.28	140.96	155.16	152.52	142.67	133.72
1213	156.94	151.62	145.22	140.9	155.19	152.51	142.62	133.79
1214	156.85	151.55	145.15	140.83	155.14	152.44	142.57	133.78
1215	156.81	151.49	145.09	140.78	155.08	152.38	142.52	133.7
1216	156.77	151.44	145.06	140.75	154.95	152.31	142.48	133.52
1217	156.72	151.4	145.02	140.7	154.82	152.26	142.44	133.41
1218	156.67	151.35	144.96	140.67	154.76	152.22	142.4	133.38
1219	156.62	151.31	144.93	140.62	154.76	152.15	142.32	133.38
1220	156.58	151.27	144.89	140.58	154.74	152.11	142.28	133.35
1221	156.53	151.22	144.85	140.55	154.67	152.01	142.22	133.29
1222	156.46	151.16	144.79	140.47	154.64	151.98	142.17	133.24
1223	156.4	151.1	144.73	140.42	154.58	151.93	142.11	133.18
1224	156.35	151.07	144.69	140.38	154.52	151.94	142.1	133.13
1225	156.3	151.02	144.65	140.33	154.43	151.92	142.04	133.11
1226	156.25	150.98	144.59	140.28	154.4	151.81	141.93	133.04
1227	156.22	150.94	144.56	140.24	154.37	151.62	141.83	132.99
1228	156.17	150.91	144.52	140.21	154.32	151.47	141.76	132.96
1229	156.14	150.87	144.48	140.17	154.29	151.43	141.74	132.94
1230	156.09	150.84	144.44	140.14	154.31	151.5	141.71	132.98
1231	156.04	150.77	144.38	140.07	154.2	151.39	141.59	132.76
1232	155.98	150.7	144.29	140	154.17	151.46	141.64	132.75
1233	155.92	150.67	144.24	139.96	154.13	151.44	141.62	132.72
1234	155.87	150.6	144.18	139.93	154.09	151.43	141.57	132.68
1235	155.82	150.55	144.14	139.88	154.05	151.37	141.55	132.66
1236	155.78	150.5	144.09	139.84	153.96	151.33	141.52	132.61
1237	155.72	150.45	144.03	139.8	153.88	151.26	141.44	132.56
1238	155.65	150.4	144	139.75	153.86	151.15	141.37	132.52
1239	155.6	150.35	143.97	139.72	153.79	151.08	141.32	132.45
1240	155.53	150.29	143.9	139.66	153.72	151.05	141.28	132.41
1241	155.47	150.23	143.85	139.6	153.63	151.03	141.23	132.36
1242	155.42	150.2	143.81	139.56	153.58	150.98	141.19	132.32
1243	155.38	150.16	143.77	139.52	153.52	150.88	141.09	132.27
1244	155.34	150.12	143.72	139.48	153.46	150.8	141.03	132.24
1245	155.3	150.07	143.67	139.44	153.37	150.78	141.02	132.25
1246	155.25	150.03	143.62	139.4	153.34	150.78	141.01	132.16
1247	155.2	149.99	143.58	139.35	153.27	150.74	140.93	132.03
1248	155.16	149.94	143.54	139.3	153.26	150.61	140.84	131.98
1249	155.09	149.88	143.47	139.25	153.24	150.59	140.78	131.99
1250	155.01	149.81	143.4	139.18	153.18	150.56	140.75	131.96
1251	154.95	149.77	143.36	139.14	153.13	150.45	140.68	131.85
1252	154.91	149.74	143.32	139.1	153.03	150.39	140.65	131.79
1253	154.87	149.68	143.27	139.06	153.01	150.38	140.62	131.7
1254	154.83	149.65	143.22	139.01	152.96	150.34	140.57	131.7
1255	154.79	149.6	143.19	138.98	152.85	150.28	140.57	131.78
1256	154.75	149.57	143.14	138.93	152.85	150.27	140.49	131.71
1257	154.7	149.5	143.09	138.89	152.8	150.22	140.45	131.72
1258	154.63	149.44	143.03	138.82	152.82	150.2	140.39	131.64
1259	154.57	149.37	142.96	138.76	152.76	150.13	140.32	131.56
1260	154.52	149.34	142.94	138.73	152.7	150.06	140.27	131.53
1261	154.46	149.28	142.89	138.69	152.61	150.01	140.25	131.49
1262	154.42	149.23	142.85	138.65	152.55	149.98	140.22	131.47
1263	154.37	149.19	142.8	138.6	152.48	149.94	140.16	131.47
1264	154.32	149.15	142.75	138.56	152.43	149.82	140.05	131.42
1265	154.27	149.1	142.7	138.52	152.37	149.71	140	131.38
1266	154.23	149.05	142.65	138.49	152.38	149.73	139.95	131.38
1267	154.15	148.98	142.59	138.42	152.38	149.68	139.89	131.25
1268	154.08	148.91	142.52	138.36	152.27	149.62	139.84	131.17
1269	154.03	148.86	142.46	138.31	152.22	149.58	139.8	131.14
1270	153.98	148.8	142.42	138.28	152.19	149.53	139.75	131.08
1271	153.91	148.75	142.37	138.23	152.16	149.52	139.73	131.08
1272	153.86	148.69	142.32	138.19	152.18	149.51	139.71	131.08
1273	153.82	148.65	142.28	138.16	152.14	149.41	139.64	131.04
1274	153.76	148.6	142.23	138.11	152.12	149.4	139.62	130.98
1275	153.71	148.55	142.2	138.07	152.1	149.37	139.54	130.93
1276	153.63	148.48	142.12	138.01	152.03	149.27	139.47	130.85
1277	153.55	148.43	142.07	137.95	151.97	149.21	139.4	130.78
1278	153.52	148.39	142.03	137.91	151.91	149.16	139.36	130.74
1279	153.47	148.36	142	137.85	151.9	149.17	139.34	130.74
1280	153.42	148.31	141.95	137.81	151.89	149.16	139.31	130.69
1281	153.39	148.28	141.9	137.78	151.74	149.07	139.23	130.64
1282	153.35	148.24	141.85	137.73	151.69	148.99	139.16	130.61
1283	153.31	148.19	141.81	137.7	151.63	148.94	139.16	130.55
1284	153.28	148.15	141.77	137.66	151.62	148.93	139.09	130.54
1285	153.2	148.08	141.71	137.6	151.57	148.86	139.06	130.5
1286	153.13	148.02	141.64	137.55	151.51	148.79	138.97	130.42
1287	153.09	147.97	141.6	137.5	151.46	148.69	138.89	130.29
1288	153.04	147.93	141.55	137.47	151.41	148.66	138.86	130.28
1289	152.99	147.88	141.51	137.44	151.43	148.71	138.86	130.27
1290	152.93	147.84	141.48	137.4	151.36	148.67	138.8	130.21
1291	152.89	147.8	141.44	137.35	151.29	148.6	138.75	130.19
1292	152.84	147.75	141.41	137.32	151.26	148.57	138.73	130.12
1293	152.8	147.72	141.37	137.28	151.2	148.52	138.69	130.08
1294	152.74	147.66	141.32	137.22	151.14	148.46	138.62	129.99
1295	152.67	147.6	141.25	137.15	151.07	148.38	138.56	129.93
1296	152.64	147.56	141.2	137.11	151.03	148.34	138.53	129.88
1297	152.6	147.52	141.16	137.08	150.99	148.3	138.48	129.85
1298	152.56	147.48	141.11	137.02	150.94	148.25	138.44	129.81
1299	152.51	147.44	141.05	137	150.91	148.23	138.4	129.8
1300	152.47	147.4	141.01	136.94	150.88	148.2	138.37	129.77
1301	152.43	147.36	140.98	136.91	150.85	148.17	138.36	129.77
1302	152.38	147.31	140.93	136.87	150.83	148.15	138.37	129.81
1303	152.32	147.24	140.85	136.82	150.7	148.07	138.3	129.73
1304	152.25	147.16	140.79	136.75	150.59	148.04	138.22	129.63
1305	152.19	147.12	140.75	136.71	150.55	147.95	138.12	129.55
1306	152.13	147.07	140.69	136.67	150.49	147.89	138.05	129.49
1307	152.08	147.02	140.67	136.64	150.49	147.84	138	129.57
1308	152.04	146.97	140.62	136.6	150.39	147.76	137.97	129.58
1309	151.97	146.92	140.58	136.57	150.41	147.71	137.9	129.45
1310	151.93	146.88	140.54	136.52	150.4	147.74	137.91	129.47
1311	151.89	146.84	140.49	136.49	150.36	147.7	137.87	129.45
1312	151.81	146.78	140.44	136.42	150.31	147.65	137.8	129.41
1313	151.75	146.73	140.39	136.36	150.24	147.57	137.75	129.34
1314	151.7	146.69	140.34	136.33	150.17	147.54	137.72	129.28
1315	151.67	146.66	140.3	136.28	150.13	147.52	137.68	129.23
1316	151.63	146.61	140.24	136.23	150.09	147.47	137.6	129.17
1317	151.59	146.57	140.19	136.19	150.03	147.38	137.52	129.08
1318	151.56	146.53	140.17	136.16	150.01	147.31	137.44	129
1319	151.51	146.49	140.12	136.12	149.94	147.3	137.47	128.98
1320	151.46	146.43	140.07	136.08	149.87	147.27	137.41	128.94
1321	151.39	146.37	140	136.02	149.77	147.15	137.34	128.84
1322	151.33	146.31	139.94	135.96	149.6	147.13	137.34	128.81
1323	151.28	146.27	139.9	135.92	149.61	147.14	137.32	128.78
1324	151.23	146.22	139.85	135.88	149.59	147.1	137.24	128.72
1325	151.17	146.17	139.8	135.84	149.56	147.03	137.19	128.69
1326	151.13	146.13	139.76	135.8	149.51	146.96	137.13	128.66
1327	151.08	146.08	139.72	135.76	149.45	146.8	136.98	128.59
1328	151.03	146.03	139.68	135.72	149.37	146.77	137.01	128.59
1329	150.98	145.99	139.64	135.67	149.38	146.77	137	128.65
1330	150.91	145.92	139.57	135.62	149.31	146.82	137.01	128.67
1331	150.84	145.84	139.5	135.55	149.19	146.67	136.88	128.59
1332	150.8	145.79	139.46	135.51	149.13	146.7	136.88	128.58
1333	150.76	145.75	139.42	135.47	149.12	146.66	136.82	128.48
1334	150.7	145.7	139.37	135.42	149.1	146.6	136.77	128.44
1335	150.66	145.67	139.34	135.4	149.07	146.49	136.69	128.34
1336	150.62	145.63	139.28	135.36	148.94	146.46	136.66	128.23
1337	150.57	145.58	139.25	135.32	148.92	146.41	136.64	128.21
1338	150.53	145.54	139.21	135.28	148.88	146.38	136.56	128.14
1339	150.45	145.47	139.15	135.22	148.8	146.31	136.5	128.14
1340	150.39	145.41	139.08	135.16	148.79	146.34	136.49	128.12
1341	150.34	145.37	139.04	135.13	148.74	146.26	136.42	128.07
1342	150.3	145.33	139.01	135.09	148.67	146.17	136.33	128
1343	150.24	145.28	138.97	135.05	148.65	146.1	136.27	127.89
1344	150.2	145.25	138.94	135.01	148.57	146.05	136.25	127.76
1345	150.16	145.22	138.91	134.97	148.52	146	136.21	127.78
1346	150.12	145.18	138.87	134.93	148.5	145.98	136.2	127.82
1347	150.08	145.14	138.82	134.9	148.44	145.92	136.18	127.81
1348	150.03	145.09	138.76	134.84	148.41	145.89	136.11	127.79
1349	149.96	145.04	138.7	134.78	148.38	145.89	136.07	127.68
1350	149.92	145	138.66	134.74	148.34	145.84	136.01	127.68
1351	149.88	144.95	138.62	134.69	148.31	145.76	135.92	127.6
1352	149.84	144.9	138.58	134.65	148.24	145.7	135.92	127.55
1353	149.8	144.86	138.53	134.62	148.15	145.69	135.94	127.59
1354	149.74	144.83	138.49	134.59	148.1	145.64	135.82	127.46
1355	149.71	144.78	138.44	134.55	148	145.58	135.81	127.46
1356	149.66	144.73	138.4	134.5	147.97	145.54	135.77	127.43
1357	149.59	144.68	138.34	134.43	147.96	145.47	135.71	127.37
1358	149.53	144.62	138.28	134.38	147.94	145.42	135.64	127.31
1359	149.48	144.57	138.23	134.34	147.87	145.36	135.58	127.26
1360	149.44	144.53	138.17	134.29	147.83	145.3	135.53	127.23
1361	149.4	144.48	138.13	134.25	147.78	145.25	135.49	127.2
1362	149.35	144.44	138.1	134.21	147.73	145.24	135.45	127.17
1363	149.31	144.4	138.06	134.18	147.68	145.2	135.42	127.13
1364	149.25	144.35	138.02	134.14	147.67	145.17	135.39	127.1
1365	149.22	144.31	137.98	134.1	147.66	145.15	135.34	126.95
1366	149.15	144.25	137.93	134.04	147.52	145.04	135.24	126.9
1367	149.08	144.2	137.86	133.98	147.49	145	135.2	126.89
1368	149.05	144.15	137.82	133.95	147.47	144.98	135.18	126.89
1369	149	144.12	137.77	133.91	147.4	144.91	135.15	126.9
1370	148.96	144.07	137.73	133.88	147.32	144.83	135.1	126.85
1371	148.91	144.03	137.69	133.82	147.24	144.8	135.09	126.85
1372	148.87	143.98	137.66	133.8	147.15	144.73	135.03	126.71
1373	148.82	143.93	137.6	133.74	147.1	144.69	134.95	126.67
1374	148.78	143.88	137.56	133.71	147.08	144.61	134.86	126.61
1375	148.7	143.82	137.51	133.67	147.05	144.61	134.87	126.61
1376	148.62	143.76	137.46	133.6	147.05	144.59	134.81	126.51
1377	148.58	143.72	137.41	133.57	146.99	144.52	134.75	126.46
1378	148.54	143.68	137.37	133.54	146.97	144.48	134.71	126.45
1379	148.49	143.63	137.33	133.5	146.94	144.42	134.68	126.5
1380	148.45	143.59	137.29	133.47	146.84	144.36	134.66	126.48
1381	148.41	143.56	137.26	133.42	146.79	144.33	134.62	126.39
1382	148.36	143.51	137.22	133.38	146.74	144.26	134.54	126.31
1383	148.32	143.48	137.18	133.34	146.66	144.24	134.52	126.26
1384	148.26	143.42	137.12	133.28	146.62	144.25	134.49	126.25
1385	148.2	143.37	137.07	133.23	146.54	144.22	134.45	126.19
1386	148.17	143.33	137.03	133.2	146.49	144.15	134.39	126.14
1387	148.12	143.29	137	133.15	146.48	144.11	134.36	126.13
1388	148.08	143.25	136.96	133.12	146.48	144.11	134.34	126.1
1389	148.04	143.21	136.91	133.08	146.46	144.05	134.27	126.05
1390	147.99	143.16	136.86	133.04	146.41	143.99	134.22	126.01
1391	147.94	143.11	136.82	133	146.41	143.95	134.15	125.99
1392	147.9	143.07	136.77	132.97	146.33	143.86	134.11	126
1393	147.83	142.98	136.69	132.91	146.31	143.8	134.04	125.95
1394	147.75	142.9	136.62	132.84	146.25	143.79	134.01	125.9
1395	147.69	142.86	136.58	132.8	146.18	143.7	133.97	125.85
1396	147.64	142.82	136.53	132.76	146.11	143.75	133.96	125.82
1397	147.61	142.78	136.5	132.72	146.08	143.71	133.92	125.79
1398	147.56	142.73	136.46	132.7	146.06	143.69	133.9	125.75
1399	147.5	142.67	136.42	132.66	146.01	143.65	133.87	125.71
1400	147.45	142.63	136.37	132.62	145.93	143.6	133.85	125.64
1401	147.4	142.57	136.34	132.57	145.82	143.54	133.79	125.57
1402	147.33	142.51	136.28	132.52	145.73	143.46	133.71	125.51
1403	147.24	142.44	136.22	132.47	145.72	143.38	133.65	125.5
1404	147.21	142.41	136.18	132.44	145.67	143.32	133.59	125.48
1405	147.16	142.37	136.14	132.4	145.64	143.24	133.5	125.44
1406	147.12	142.33	136.1	132.36	145.53	143.1	133.39	125.42
1407	147.09	142.3	136.08	132.32	145.52	143.07	133.38	125.42
1408	147.05	142.27	136.03	132.28	145.57	143.1	133.37	125.37
1409	147	142.23	135.99	132.25	145.53	143.07	133.32	125.35
1410	146.97	142.19	135.95	132.21	145.48	142.98	133.26	125.29
1411	146.9	142.11	135.89	132.15	145.39	142.92	133.22	125.2
1412	146.84	142.07	135.82	132.08	145.32	142.85	133.13	125.13
1413	146.81	142.02	135.79	132.04	145.24	142.75	133.06	125.14
1414	146.75	141.97	135.74	132.01	145.21	142.72	133.03	125.14
1415	146.72	141.93	135.7	131.96	145.15	142.68	132.98	125.02
1416	146.67	141.89	135.65	131.93	145.11	142.67	132.96	125.06
1417	146.64	141.84	135.61	131.88	145.08	142.64	132.94	125.06
1418	146.6	141.81	135.58	131.85	145.09	142.66	132.93	125.03
1419	146.56	141.77	135.55	131.81	145.07	142.67	132.9	125.03
1420	146.49	141.7	135.48	131.77	144.99	142.62	132.86	124.96
1421	146.41	141.63	135.42	131.71	144.91	142.54	132.78	124.9
1422	146.37	141.59	135.39	131.67	144.88	142.59	132.78	124.8
1423	146.32	141.54	135.35	131.63	144.8	142.49	132.74	124.71
1424	146.27	141.5	135.31	131.59	144.79	142.42	132.65	124.67
1425	146.23	141.45	135.27	131.56	144.76	142.37	132.6	124.67
1426	146.18	141.43	135.24	131.52	144.7	142.34	132.58	124.67
1427	146.15	141.4	135.21	131.48	144.6	142.34	132.56	124.56
1428	146.11	141.35	135.17	131.44	144.55	142.31	132.52	124.55
1429	146.05	141.29	135.11	131.38	144.49	142.27	132.48	124.52
1430	145.98	141.24	135.05	131.33	144.31	142.11	132.38	124.38
1431	145.95	141.21	135	131.28	144.27	142.08	132.36	124.3
1432	145.91	141.16	134.96	131.25	144.25	142.04	132.33	124.3
1433	145.87	141.11	134.92	131.21	144.24	142	132.26	124.31
1434	145.83	141.08	134.88	131.19	144.27	141.98	132.24	124.29
1435	145.77	141.03	134.85	131.15	144.29	141.95	132.18	124.25
1436	145.73	141	134.82	131.11	144.21	141.93	132.19	124.18
1437	145.69	140.97	134.78	131.08	144.12	141.79	132.16	124.16
1438	145.63	140.9	134.73	131.03	144.06	141.69	132.04	124.07
1439	145.56	140.84	134.68	130.97	144.05	141.72	132	124
1440	145.52	140.81	134.63	130.93	144.01	141.73	131.96	123.94
1441	145.48	140.77	134.61	130.89	143.94	141.66	131.92	123.91
1442	145.44	140.74	134.56	130.85	143.93	141.63	131.85	123.91
1443	145.41	140.71	134.51	130.81	143.91	141.65	131.86	123.87
1444	145.37	140.67	134.47	130.77	143.82	141.62	131.83	123.81
1445	145.33	140.63	134.42	130.73	143.82	141.64	131.84	123.86
1446	145.28	140.58	134.38	130.69	143.76	141.57	131.78	123.82
1447	145.22	140.52	134.32	130.64	143.65	141.5	131.71	123.79
1448	145.16	140.46	134.26	130.59	143.59	141.43	131.64	123.7
1449	145.11	140.41	134.21	130.55	143.54	141.39	131.62	123.68
1450	145.04	140.36	134.18	130.51	143.5	141.37	131.61	123.61
1451	145	140.32	134.12	130.47	143.47	141.33	131.57	123.63
1452	144.95	140.28	134.08	130.44	143.45	141.21	131.46	123.51
1453	144.92	140.22	134.05	130.4	143.41	141.12	131.4	123.45
1454	144.85	140.18	134.01	130.36	143.41	141.11	131.38	123.41
1455	144.81	140.13	133.96	130.33	143.39	141.07	131.34	123.3
1456	144.73	140.07	133.9	130.27	143.31	141	131.3	123.25
1457	144.67	140	133.84	130.21	143.29	141	131.24	123.22
1458	144.63	139.97	133.8	130.18	143.22	140.9	131.16	123.14
1459	144.59	139.93	133.79	130.13	143.15	140.84	131.1	123.06
1460	144.54	139.88	133.73	130.1	143.09	140.87	131.13	123.14
1461	144.5	139.85	133.69	130.07	142.99	140.86	131.12	123.16
1462	144.45	139.81	133.65	130.02	142.95	140.84	131.03	123.01
1463	144.42	139.77	133.6	129.98	142.9	140.79	131.03	123.08
1464	144.37	139.72	133.56	129.94	142.86	140.73	130.99	123.09
1465	144.31	139.66	133.5	129.88	142.8	140.66	130.91	123.04
1466	144.23	139.6	133.43	129.83	142.74	140.59	130.83	122.94
1467	144.19	139.56	133.39	129.79	142.67	140.48	130.76	122.89
1468	144.16	139.52	133.36	129.75	142.61	140.47	130.73	122.84
1469	144.12	139.49	133.31	129.72	142.55	140.46	130.71	122.78
1470	144.09	139.45	133.28	129.68	142.51	140.45	130.67	122.73
1471	144.03	139.41	133.25	129.64	142.46	140.35	130.62	122.71
1472	144	139.36	133.21	129.61	142.44	140.27	130.59	122.74
1473	143.95	139.32	133.17	129.57	142.38	140.31	130.55	122.69
1474	143.89	139.25	133.11	129.53	142.29	140.16	130.44	122.6
1475	143.83	139.19	133.05	129.47	142.19	140	130.35	122.53
1476	143.77	139.15	133.02	129.43	142.22	139.96	130.29	122.42
1477	143.72	139.11	132.98	129.39	142.21	139.92	130.25	122.32
1478	143.69	139.07	132.94	129.35	142.17	139.9	130.23	122.27
1479	143.65	139.04	132.9	129.33	142.17	139.88	130.19	122.24
1480	143.61	139	132.86	129.28	142.16	139.85	130.15	122.24
1481	143.58	138.96	132.82	129.25	142.16	139.84	130.09	122.13
1482	143.52	138.94	132.78	129.2	142.1	139.8	130.09	122.19
1483	143.47	138.87	132.72	129.15	142.02	139.69	129.95	122.1
1484	143.41	138.82	132.67	129.1	141.99	139.63	129.9	122.07
1485	143.38	138.78	132.63	129.04	141.99	139.62	129.89	122.02
1486	143.34	138.75	132.6	129.02	141.95	139.58	129.87	122
1487	143.29	138.7	132.55	128.99	141.89	139.56	129.85	121.97
1488	143.26	138.67	132.51	128.94	141.82	139.56	129.84	121.95
1489	143.22	138.64	132.48	128.91	141.79	139.56	129.81	121.9
1490	143.18	138.59	132.43	128.87	141.74	139.49	129.76	121.86
1491	143.13	138.55	132.38	128.83	141.69	139.42	129.72	121.84
1492	143.08	138.49	132.32	128.77	141.66	139.38	129.66	121.8
1493	143.01	138.44	132.28	128.72	141.62	139.35	129.66	121.76
1494	142.98	138.4	132.24	128.69	141.58	139.32	129.63	121.74
1495	142.93	138.35	132.21	128.66	141.52	139.26	129.58	121.76
1496	142.89	138.31	132.16	128.61	141.44	139.17	129.51	121.69
1497	142.85	138.27	132.13	128.59	141.38	139.15	129.48	121.64
1498	142.8	138.24	132.1	128.54	141.31	139.1	129.44	121.64
1499	142.77	138.19	132.07	128.51	141.29	139.15	129.46	121.64
1500	142.72	138.16	132.03	128.47	141.24	139.1	129.39	121.55
1501	142.66	138.11	131.97	128.42	141.11	139.04	129.37	121.51
1502	142.61	138.04	131.91	128.37	141.08	138.99	129.32	121.58
1503	142.56	138.02	131.88	128.33	140.9	138.93	129.26	121.51
1504	142.53	137.98	131.85	128.29	140.86	138.87	129.21	121.45
1505	142.49	137.94	131.8	128.25	140.88	138.81	129.15	121.47
1506	142.46	137.91	131.76	128.21	140.89	138.83	129.15	121.43
1507	142.41	137.86	131.71	128.18	140.75	138.77	129.09	121.37
1508	142.36	137.82	131.66	128.14	140.74	138.72	128.98	121.2
1509	142.33	137.78	131.64	128.1	140.68	138.64	128.97	121.24
1510	142.25	137.72	131.57	128.04	140.57	138.59	128.92	121.17
1511	142.18	137.65	131.5	127.99	140.54	138.51	128.85	121.1
1512	142.14	137.61	131.46	127.95	140.49	138.49	128.86	121.12
1513	142.1	137.57	131.43	127.93	140.43	138.53	128.86	121.11
1514	142.05	137.53	131.39	127.89	140.45	138.45	128.78	121.1
1515	142.01	137.51	131.36	127.86	140.38	138.39	128.75	121.14
1516	141.96	137.46	131.32	127.81	140.28	138.39	128.73	121.13
1517	141.93	137.41	131.29	127.79	140.19	138.36	128.68	121.1
1518	141.89	137.38	131.26	127.75	140.19	138.28	128.6	121.04
1519	141.83	137.31	131.2	127.69	140.18	138.23	128.55	121.02
1520	141.76	137.26	131.14	127.63	139.79	138.07	128.44	120.81
1521	141.73	137.22	131.1	127.59	139.9	138.02	128.41	120.72
1522	141.69	137.18	131.07	127.56	139.93	137.98	128.37	120.71
1523	141.65	137.14	131.02	127.52	140.01	138.01	128.34	120.67
1524	141.61	137.11	130.97	127.48	140.07	137.99	128.3	120.63
1525	141.57	137.07	130.94	127.46	140.12	137.99	128.28	120.63
1526	141.52	137.02	130.9	127.42	140.12	138	128.29	120.64
1527	141.48	136.98	130.86	127.39	140.08	137.92	128.23	120.61
1528	141.41	136.92	130.8	127.33	140.02	137.86	128.19	120.58
1529	141.34	136.85	130.73	127.27	139.81	137.76	128.11	120.45
1530	141.29	136.81	130.7	127.24	139.76	137.65	128.04	120.37
1531	141.24	136.78	130.67	127.2	139.68	137.59	128.01	120.35
1532	141.2	136.74	130.63	127.18	139.69	137.62	127.99	120.31
1533	141.16	136.7	130.59	127.14	139.7	137.61	127.97	120.29
1534	141.12	136.67	130.56	127.1	139.69	137.6	127.94	120.25
1535	141.09	136.64	130.53	127.06	139.65	137.56	127.9	120.23
1536	141.05	136.6	130.5	127.02	139.6	137.52	127.86	120.2
1537	140.99	136.56	130.44	126.97	139.48	137.43	127.79	120.06
1538	140.95	136.5	130.37	126.91	139.41	137.34	127.72	119.99
1539	140.91	136.44	130.33	126.87	139.38	137.27	127.67	119.97
1540	140.87	136.4	130.3	126.83	139.34	137.19	127.62	119.96
1541	140.84	136.37	130.25	126.8	139.3	137.2	127.62	119.94
1542	140.8	136.32	130.21	126.78	139.31	137.22	127.61	119.92
1543	140.75	136.26	130.17	126.74	139.14	137.22	127.57	119.9
1544	140.69	136.22	130.12	126.71	139.14	137.21	127.56	119.86
1545	140.65	136.18	130.09	126.68	139.07	137.1	127.5	119.83
1546	140.57	136.12	130.02	126.62	139.03	136.96	127.38	119.81
1547	140.49	136.06	129.97	126.56	139	136.86	127.32	119.83
1548	140.46	136.04	129.95	126.53	139.03	136.91	127.29	119.75
1549	140.41	135.99	129.92	126.5	138.98	136.8	127.22	119.58
1550	140.38	135.96	129.88	126.45	138.99	136.82	127.24	119.69
1551	140.33	135.92	129.85	126.42	138.85	136.74	127.21	119.65
1552	140.29	135.89	129.82	126.39	138.76	136.69	127.14	119.61
1553	140.27	135.87	129.77	126.35	138.71	136.66	127.09	119.56
1554	140.23	135.83	129.73	126.31	138.7	136.67	127.08	119.51
1555	140.18	135.77	129.67	126.26	138.61	136.61	127.01	119.5
1556	140.11	135.71	129.61	126.2	138.52	136.5	126.92	119.43
1557	140.07	135.67	129.57	126.16	138.5	136.36	126.78	119.26
1558	140.03	135.63	129.55	126.14	138.48	136.3	126.77	119.18
1559	139.99	135.59	129.5	126.09	138.48	136.3	126.78	119.21
1560	139.96	135.56	129.48	126.07	138.51	136.37	126.8	119.22
1561	139.93	135.52	129.45	126.03	138.45	136.38	126.79	119.21
1562	139.89	135.48	129.41	126	138.42	136.4	126.8	119.13
1563	139.85	135.46	129.38	125.96	138.41	136.34	126.75	119.11
1564	139.78	135.4	129.32	125.91	138.33	136.26	126.64	119.06
1565	139.73	135.34	129.28	125.86	138.32	136.21	126.61	119.03
1566	139.7	135.31	129.24	125.83	138.3	136.2	126.55	118.95
1567	139.66	135.28	129.21	125.79	138.23	136.13	126.53	118.9
1568	139.63	135.24	129.17	125.75	138.19	136.08	126.48	118.85
1569	139.6	135.2	129.11	125.72	138.11	136.05	126.47	118.9
1570	139.54	135.17	129.07	125.66	138.04	135.97	126.36	118.88
1571	139.5	135.12	129.03	125.64	137.98	135.93	126.4	118.9
1572	139.46	135.09	128.99	125.6	137.89	135.9	126.34	118.92
1573	139.4	135.02	128.94	125.55	137.85	135.82	126.27	118.8
1574	139.33	134.95	128.87	125.49	137.78	135.79	126.23	118.7
1575	139.29	134.92	128.84	125.45	137.77	135.77	126.17	118.58
1576	139.24	134.88	128.79	125.42	137.73	135.72	126.16	118.63
1577	139.19	134.83	128.75	125.37	137.68	135.7	126.13	118.58
1578	139.16	134.8	128.72	125.35	137.65	135.69	126.07	118.47
1579	139.12	134.77	128.68	125.31	137.61	135.56	125.98	118.44
1580	139.07	134.72	128.64	125.29	137.63	135.57	125.97	118.42
1581	139.04	134.68	128.6	125.26	137.63	135.54	125.94	118.46
1582	138.97	134.6	128.55	125.2	137.62	135.47	125.84	118.37
1583	138.91	134.55	128.51	125.15	137.44	135.34	125.77	118.32
1584	138.86	134.52	128.48	125.12	137.44	135.29	125.71	118.3
1585	138.82	134.48	128.47	125.08	137.4	135.25	125.69	118.31
1586	138.78	134.44	128.41	125.06	137.44	135.29	125.7	118.33
1587	138.75	134.4	128.38	125.02	137.43	135.33	125.71	118.27
1588	138.7	134.37	128.35	124.98	137.36	135.31	125.71	118.27
1589	138.67	134.33	128.31	124.94	137.3	135.28	125.67	118.22
1590	138.64	134.3	128.26	124.89	137.2	135.21	125.63	118.17
1591	138.58	134.25	128.2	124.85	137.16	135.15	125.57	118.09
1592	138.53	134.2	128.14	124.8	137.1	135.1	125.51	118.02
1593	138.49	134.16	128.1	124.76	137.05	134.99	125.45	117.96
1594	138.45	134.12	128.08	124.74	137.01	135.04	125.44	117.96
1595	138.41	134.08	128.02	124.69	136.97	134.96	125.39	117.87
1596	138.36	134.04	127.99	124.66	136.84	134.89	125.36	117.79
1597	138.31	134	127.95	124.62	136.73	134.87	125.33	117.77
1598	138.28	133.96	127.91	124.58	136.73	134.87	125.32	117.76
1599	138.24	133.92	127.87	124.56	136.79	134.83	125.23	117.74
1600	138.18	133.87	127.81	124.5	136.79	134.76	125.17	117.68
1601	138.12	133.82	127.77	124.45	136.75	134.67	125.06	117.53
1602	138.07	133.78	127.73	124.41	136.68	134.58	124.99	117.47
1603	138.03	133.74	127.69	124.38	136.63	134.47	124.9	117.33
1604	137.98	133.7	127.65	124.34	136.62	134.51	124.95	117.4
1605	137.95	133.66	127.62	124.32	136.53	134.5	124.96	117.4
1606	137.91	133.61	127.57	124.27	136.42	134.49	124.93	117.34
1607	137.87	133.58	127.54	124.24	136.48	134.52	124.91	117.39
1608	137.83	133.53	127.5	124.21	136.53	134.57	124.9	117.44
1609	137.76	133.48	127.44	124.14	136.45	134.38	124.76	117.3
1610	137.7	133.44	127.39	124.1	136.33	134.31	124.74	117.3
1611	137.67	133.39	127.35	124.06	136.22	134.27	124.72	117.31
1612	137.63	133.37	127.33	124.02	136.23	134.29	124.72	117.26
1613	137.58	133.31	127.28	123.98	136.19	134.29	124.7	117.18
1614	137.55	133.28	127.25	123.95	136.19	134.29	124.7	117.2
1615	137.51	133.25	127.21	123.91	136.18	134.25	124.65	117.19
1616	137.48	133.22	127.17	123.87	136.17	134.23	124.65	117.2
1617	137.43	133.16	127.13	123.84	135.98	134.05	124.56	117.22
1618	137.37	133.1	127.06	123.79	135.85	134	124.5	117.15
1619	137.32	133.06	127.03	123.75	135.84	133.92	124.42	117.09
1620	137.28	133.02	126.98	123.71	135.83	133.89	124.37	117.03
1621	137.24	132.98	126.95	123.68	135.82	133.81	124.28	116.96
1622	137.2	132.95	126.92	123.63	135.83	133.75	124.22	116.96
1623	137.17	132.92	126.89	123.62	135.78	133.72	124.21	116.91
1624	137.12	132.87	126.85	123.59	135.76	133.64	124.16	116.89
1625	137.09	132.84	126.81	123.55	135.7	133.64	124.12	116.8
1626	137.03	132.79	126.77	123.49	135.68	133.61	124.09	116.79
1627	136.98	132.74	126.71	123.44	135.61	133.6	124.03	116.61
1628	136.93	132.68	126.66	123.4	135.55	133.59	124.02	116.66
1629	136.89	132.64	126.63	123.38	135.42	133.52	123.98	116.64
1630	136.85	132.6	126.59	123.35	135.43	133.47	123.94	116.6
1631	136.8	132.56	126.55	123.3	135.4	133.43	123.92	116.61
1632	136.77	132.52	126.52	123.28	135.31	133.4	123.88	116.59
