time 	Experimental(70.29,0,150)	Computed(70.29,0,150)	Experimental(79.12,0,150)	Computed(79.12,0,150)	Experimental(92.28,0,150)	Computed(92.28,0,150)	Experimental(100.2,0,150)	Computed(100.2,0,150)	Experimental(70.15,30,150)	Computed(70.15,30,150)	Experimental(78.2,30,150)	Computed(78.2,30,150)	Experimental(92.06,30,150)	Computed(92.06,30,150)	
0	105	105	105.01	105	104.99	105	104.98	105	104.97	105	104.97	105	104.98	105
1	105.01	105	104.99	105	104.99	105	104.95	105	104.96	105	104.96	105	104.95	105
2	104.99	105	104.92	105	105.02	105	104.94	105	104.96	105	104.96	105	105.15	105
3	104.98	105	104.85	105	105.06	105	104.93	105	104.95	105	104.94	105	105.01	105
4	104.96	105	104.82	105	105.1	105	104.94	105	104.95	105	104.95	105	104.97	105
5	104.96	105	104.79	105	105.11	105	104.95	105	104.96	105	104.96	105	105.01	105
6	104.93	105	104.76	105	105.11	105	104.94	105	104.96	105	104.96	105	105.35	105
7	104.92	105	104.73	105	105.12	105	104.94	105	104.97	105	104.96	105	105.03	105
8	104.91	105	104.72	105	105.15	105	104.95	105	105.05	105	104.98	105	104.99	105
9	104.9	105	104.72	105	105.16	105	104.96	105	105.02	105	105	105	105	105
10	104.9	105	104.7	105	105.16	105	104.96	105	105.05	105	105.01	105	104.99	105
11	104.89	105	104.7	105	105.18	105	104.97	105	105.07	105	105.02	105	104.98	105
12	104.87	105	104.68	105	105.18	105	104.98	105	105.11	105	105.04	105	105	105
13	104.87	105	104.68	105	105.19	105	104.98	105	105.13	105	105.06	105	105	105
14	104.87	105	104.67	105	105.19	105	104.97	105	105.13	105	105.05	105	105.02	105
15	104.87	105	104.67	105	105.21	105	104.98	105	105.16	105	105.07	105	105.04	105
16	104.89	105	104.67	105	105.21	105	104.99	105	105.18	105	105.09	105	105.05	105
17	104.89	105	104.68	105	105.21	105	104.99	105	105.21	105	105.11	105	105.07	105
18	104.89	105	104.68	105	105.22	105	105	105	105.24	105	105.13	105	105.09	105
19	104.9	105	104.68	105	105.23	105	105.01	105	105.26	105	105.15	105	105.11	105
20	104.91	105	104.7	105	105.25	105	105.02	105	105.32	105	105.19	105	105.14	105
21	104.92	105	104.71	105	105.27	105	105.04	105	105.34	105	105.22	105	105.19	105
22	104.93	105	104.73	105	105.28	105	105.05	105	105.38	105	105.25	105	105.2	105
23	104.95	105	104.74	105	105.29	105	105.06	105	105.41	105	105.36	105	105.21	105
24	104.96	105	104.75	105	105.29	105	105.07	105	105.47	105	105.34	105	105.24	105
25	104.97	105	104.76	105	105.32	105	105.09	105	105.5	105	105.41	105	105.28	105
26	105	105	104.78	105	105.33	105	105.09	105	105.55	105	105.45	105	105.31	105
27	105.01	105	104.8	105	105.36	105	105.12	105	105.63	105	105.5	105	105.36	105
28	105.04	105	104.84	105	105.39	105	105.14	105	105.69	105	105.55	105	105.53	105
29	105.08	105	104.88	105	105.43	105	105.18	105	105.77	105	105.62	105	105.55	105
30	105.14	105	104.95	105	105.49	105	105.23	105	105.9	105	105.73	105	105.62	105
31	105.18	105	105	105	105.52	105	105.26	105	105.98	105	105.85	105	105.7	105
32	105.22	105	105.06	105	105.56	105	105.3	105	106.17	105	107	105	105.74	105
33	105.29	105	105.15	105	105.62	105	105.35	105	106.58	105	106.45	105	105.83	105
34	105.35	105	105.25	105	105.67	105	105.39	105	106.63	105	106.85	105	106.04	105
35	105.45	105	105.4	105	105.72	105	105.45	105	107.15	105	107.45	105	106.13	105
36	105.55	105	105.59	105	105.81	105	105.53	105	106.86	105	106.98	105	106.8	105
37	105.71	105.001	105.83	105.002	105.97	105.002	105.64	105.001	107.04	105.001	107.16	105.002	107.3	105.002
38	106.15	105.004	106.62	105.009	106.6	105.008	106.01	105.003	107.57	105.003	108.9	105.008	107.84	105.008
39	107.12	105.016	108.59	105.044	108.33	105.038	106.84	105.015	178.86	105.015	111.07	105.037	110.3	105.036
40	108.65	105.068	112.31	105.214	111.72	105.185	108.22	105.061	114.2	105.062	115.2	105.18	114.63	105.172
41	111.73	105.275	121.44	106.048	121.84	105.874	110.95	105.241	113.42	105.245	124.8	105.854	127.4	105.809
42	117.69	106.028	143.79	110.07	140.87	109.023	116.17	105.888	117.22	105.908	151.72	108.963	151.2	108.704
43	128.35	108.472	196.47	128.603	185.46	122.396	125.34	107.951	125.98	108.039	197.29	122.366	205.41	120.914
44	145.23	115.195	306.79	202.743	273.63	170.193	139.33	113.552	138.24	113.862	287.41	171.373	299.04	164.313
45	168.74	130.075	463.33	399.534	395.52	287.932	158.65	125.908	157.15	126.727	401.37	293.898	404.49	271.007
46	198.01	155.708	613.84	633.425	505.81	447.733	182.17	147.424	181.31	149.016	507.47	455.884	489.87	416.473
47	245.48	190.224	736.96	747.304	606.14	565.441	220.56	177.121	222.65	179.431	587.06	567.13	563.33	525.46
48	289.72	228.076	755.93	769.167	644.39	621.892	257.2	210.802	262.52	213.423	611.26	615.853	590.37	579.984
49	314.3	263.866	736.66	755.585	645.15	640.235	278.39	243.837	285.48	246.282	609.76	629.202	582.84	599.943
50	334.58	294.586	712.96	731.187	637.4	639.783	296.46	273.228	304.64	275.162	601.89	626.222	574.14	602.392
51	351.08	319.415	688.4	704.665	625.22	630.694	311.63	297.805	321.03	299.097	592.02	616.166	563.85	596.5
52	364.12	338.735	664.06	678.992	610.46	617.867	324.01	317.566	335.37	318.231	579.65	603.283	553.05	586.791
53	374.1	353.381	640.99	655.113	594.84	603.663	333.87	333.045	344.66	333.181	567.1	589.541	541.74	575.497
54	381.59	364.242	619.81	633.228	579.39	589.232	341.61	344.934	352.98	344.67	555.97	575.859	530.86	563.733
55	387.03	372.114	600.67	613.265	564.62	575.135	347.52	353.906	359.52	353.369	544.05	562.657	520.71	552.063
56	392.1	377.653	576.23	595.062	544.63	561.634	353.59	360.545	366.47	359.849	528.63	550.117	509.83	540.763
57	394.96	381.38	555.76	578.438	527.11	548.84	357.53	365.333	371.3	364.573	515.05	538.295	495.22	529.961
58	395.8	383.704	543.94	563.216	516.85	536.784	359.09	368.658	373.42	367.91	506.85	527.192	489.48	519.708
59	396.06	384.941	533.01	549.237	507.43	525.454	360.05	370.829	375	370.149	499.19	516.777	481.78	510.009
60	395.85	385.338	522.84	536.361	498.62	514.82	360.51	372.09	375.9	371.519	491.9	507.007	474.56	500.849
61	395.31	385.085	513.25	524.464	490.31	504.839	360.59	372.632	376.43	372.199	485.01	497.834	467.76	492.201
62	394.44	384.33	504.24	513.44	482.42	495.466	360.34	372.608	376.59	372.331	478.43	489.212	461.35	484.034
63	393.34	383.188	495.71	503.194	474.93	486.655	359.82	372.138	376.46	372.026	472.16	481.095	455.3	476.313
64	392.03	381.749	487.7	493.646	467.8	478.363	359.1	371.315	376.16	371.374	466.22	473.441	449.51	469.008
65	389.77	380.085	476.61	484.726	457.84	470.549	357.61	370.217	375.1	370.446	457.9	466.212	441.49	462.087
66	387.3	378.25	466.47	476.372	448.63	463.175	355.88	368.903	373.79	369.297	450.19	459.371	434.08	455.521
67	385.57	376.289	460.3	468.529	442.98	456.205	354.59	367.422	372.75	367.974	445.62	452.888	429.49	449.284
68	383.8	374.236	454.57	461.15	437.68	449.608	353.23	365.812	371.64	366.515	441.04	446.734	425.19	443.35
69	381.99	372.119	449.28	454.194	432.73	443.354	351.82	364.104	370.45	364.948	436.82	440.883	421.16	437.698
70	380.21	369.96	444.4	447.623	428.13	437.417	350.41	362.323	369.22	363.298	432.89	435.311	417.37	432.307
71	378.45	367.776	439.92	441.404	423.86	431.774	348.98	360.489	367.98	361.586	429.23	429.999	413.83	427.159
72	376.72	365.581	435.79	435.509	419.89	426.402	347.57	358.62	366.72	359.827	425.79	424.926	410.51	422.236
73	375.04	363.385	432	429.911	416.22	421.281	346.15	356.727	365.45	358.035	422.55	420.076	407.34	417.522
74	372.62	361.198	426.85	424.586	411.21	416.394	344.1	354.822	363.58	356.22	418.04	415.433	402.94	413.005
75	370.3	359.026	422.09	419.514	406.56	411.723	342.11	352.913	361.73	354.393	413.78	410.982	398.76	408.671
76	368.82	356.875	419.1	414.676	403.64	407.255	340.83	351.008	360.53	352.56	411.05	406.712	396.09	404.508
77	367.37	354.748	416.15	410.054	400.8	402.975	339.56	349.111	359.32	350.727	408.38	402.611	393.45	400.506
78	365.94	352.649	413.24	405.634	398.01	398.872	338.31	347.228	358.12	348.9	405.73	398.668	390.85	396.654
79	364.55	350.58	410.33	401.402	395.24	394.933	337.07	345.362	356.9	347.082	403.1	394.872	388.26	392.944
80	363.15	348.543	407.41	397.344	392.49	391.148	335.83	343.516	355.7	345.277	400.47	391.216	385.68	389.367
81	361.79	346.539	404.49	393.45	389.73	387.507	334.61	341.691	354.5	343.488	397.88	387.691	383.1	385.916
82	360.41	344.569	401.55	389.708	387.01	384.003	333.4	339.891	353.29	341.716	395.26	384.289	380.55	382.584
83	358.33	342.634	397.18	386.11	382.91	380.626	331.55	338.115	351.45	339.965	391.39	381.004	376.74	379.364
84	356.24	340.733	392.82	382.645	378.86	377.37	329.69	336.366	349.59	338.234	387.56	377.828	372.99	376.25
85	354.86	338.867	389.99	379.307	376.22	374.227	328.47	334.643	348.33	336.525	385.06	374.757	370.54	373.236
86	353.47	337.036	387.28	376.088	373.65	371.191	327.26	332.947	347.08	334.839	382.57	371.785	368.12	370.317
87	352.04	335.24	384.53	372.981	371.07	368.256	325.96	331.278	345.82	333.177	380.3	368.906	365.75	367.49
88	350.6	333.477	381.81	369.979	368.52	365.417	324.69	329.637	344.55	331.538	377.81	366.116	363.42	364.748
89	349.18	331.748	379.15	367.078	366.05	362.669	323.41	328.024	343.29	329.925	375.43	363.411	361.11	362.087
90	347.74	330.051	376.49	364.27	363.6	360.006	322.14	326.437	342.06	328.335	373.16	360.786	358.88	359.505
91	346.33	328.387	373.93	361.552	361.22	357.425	320.88	324.878	340.72	326.77	370.8	358.237	356.63	356.997
92	344.22	326.755	370.19	358.919	357.71	354.922	318.97	323.345	338.7	325.23	367.4	355.761	353.33	354.56
93	342.11	325.154	366.55	356.366	354.32	352.492	317.08	321.839	336.72	323.714	364.09	353.355	350.12	352.19
94	340.72	323.583	364.2	353.889	352.11	350.133	315.85	320.359	335.43	322.222	361.94	351.015	348.03	349.885
95	339.34	322.041	361.87	351.486	349.93	347.84	314.6	318.905	334.11	320.754	359.82	348.738	345.98	347.641
96	337.95	320.529	359.59	349.151	347.8	345.611	313.36	317.475	332.83	319.31	357.75	346.522	343.96	345.457
97	336.59	319.045	357.36	346.882	345.72	343.443	312.14	316.071	331.54	317.89	355.69	344.364	341.97	343.329
98	335.23	317.588	355.16	344.676	343.65	341.333	310.91	314.69	330.27	316.492	353.7	342.262	340.02	341.256
99	333.89	316.159	353.01	342.53	341.63	339.279	309.71	313.333	329	315.118	351.73	340.214	338.11	339.234
100	332.55	314.755	350.9	340.441	339.66	337.278	308.51	312	327.74	313.766	349.78	338.216	336.22	337.263
101	330.56	313.378	347.81	338.407	336.76	335.327	306.72	310.689	325.88	312.435	346.94	336.267	333.45	335.339
102	328.6	312.025	344.82	336.425	333.93	333.425	304.95	309.4	324.02	311.127	344.16	334.366	330.75	333.461
103	327.32	310.696	342.88	334.493	332.11	331.57	303.79	308.133	322.81	309.84	342.34	332.51	328.98	331.628
104	326.02	309.391	340.96	332.61	330.29	329.76	302.63	306.887	321.6	308.573	340.56	330.697	327.25	329.838
105	324.75	308.109	339.09	330.772	328.53	327.993	301.48	305.662	320.39	307.327	338.81	328.926	325.53	328.088
106	323.49	306.849	337.26	328.979	326.79	326.267	300.36	304.457	319.19	306.101	337.09	327.196	323.87	326.378
107	322.26	305.611	335.46	327.228	325.09	324.581	299.24	303.272	318.03	304.895	335.41	325.504	322.23	324.706
108	321.02	304.394	333.71	325.518	323.43	322.933	298.12	302.106	316.85	303.708	333.75	323.85	320.63	323.07
109	319.81	303.199	331.99	323.847	321.8	321.322	297.03	300.959	315.69	302.54	332.13	322.233	319.04	321.47
110	318.02	302.023	329.48	322.214	319.42	319.746	295.41	299.83	313.99	301.39	329.75	320.649	316.73	319.904
111	316.26	300.867	327.03	320.617	317.09	318.205	293.81	298.72	312.29	300.258	327.43	319.1	314.46	318.371
112	315.1	299.73	325.45	319.055	315.59	316.696	292.76	297.627	311.18	299.144	325.91	317.583	312.99	316.87
113	313.97	298.612	323.9	317.527	314.12	315.219	291.72	296.551	310.09	298.048	324.44	316.097	311.54	315.4
114	312.82	297.512	322.36	316.031	312.66	313.773	290.7	295.491	309	296.968	322.97	314.642	310.12	313.959
115	311.72	296.43	320.87	314.567	311.23	312.356	289.69	294.448	307.93	295.905	321.53	313.216	308.72	312.547
116	310.61	295.365	319.4	313.132	309.83	310.968	288.69	293.421	306.86	294.858	320.12	311.819	307.34	311.163
117	309.53	294.317	317.96	311.728	308.46	309.607	287.69	292.41	305.81	293.827	318.74	310.448	306	309.806
118	308.45	293.286	316.55	310.351	307.11	308.273	286.71	291.413	304.76	292.811	317.37	309.105	304.66	308.475
119	306.87	292.27	314.48	309.001	305.13	306.965	285.27	290.432	303.24	291.811	315.37	307.787	302.72	307.169
120	305.32	291.271	312.46	307.678	303.21	305.682	283.86	289.465	301.74	290.825	313.43	306.494	300.82	305.888
121	304.31	290.286	311.15	306.381	301.95	304.423	282.93	288.512	300.74	289.854	312.15	305.225	299.58	304.631
122	303.3	289.317	309.86	305.108	300.72	303.187	282.01	287.573	299.77	288.897	310.9	303.98	298.35	303.396
123	302.32	288.362	308.59	303.859	299.51	301.974	281.1	286.648	298.81	287.955	309.67	302.758	297.17	302.184
124	301.33	287.422	307.35	302.634	298.31	300.783	280.21	285.736	297.85	287.025	308.45	301.557	295.98	300.994
125	300.36	286.495	306.13	301.43	297.15	299.614	279.33	284.836	296.91	286.11	307.26	300.378	294.83	299.824
126	299.4	285.582	304.93	300.249	296	298.465	278.45	283.949	295.98	285.207	306.1	299.22	293.68	298.675
127	298.45	284.683	303.74	299.089	294.86	297.336	277.58	283.075	295.07	284.317	304.94	298.082	292.55	297.546
128	297.07	283.796	302.01	297.949	293.2	296.226	276.32	282.213	293.71	283.44	303.24	296.964	290.89	296.436
129	295.71	282.922	300.32	296.829	291.57	295.136	275.07	281.362	292.39	282.574	301.6	295.864	289.28	295.345
130	294.8	282.061	299.22	295.729	290.51	294.064	274.25	280.523	291.51	281.721	300.52	294.784	288.22	294.272
131	293.93	281.211	298.12	294.647	289.48	293.01	273.44	279.695	290.64	280.88	299.45	293.721	287.19	293.217
132	293.05	280.374	297.05	293.584	288.44	291.973	272.64	278.878	289.79	280.05	298.39	292.676	286.16	292.179
133	292.19	279.548	296	292.538	287.44	290.953	271.86	278.072	288.94	279.232	297.36	291.648	285.15	291.158
134	291.34	278.734	294.97	291.51	286.45	289.95	271.07	277.276	288.11	278.424	296.35	290.636	284.16	290.153
135	290.51	277.93	293.95	290.498	285.47	288.962	270.31	276.491	287.29	277.628	295.36	289.641	283.19	289.164
136	289.69	277.138	292.95	289.503	284.5	287.99	269.54	275.716	286.48	276.842	294.37	288.662	282.22	288.191
137	288.46	276.356	291.48	288.523	283.09	287.033	268.42	274.95	285.29	276.066	292.93	287.698	280.81	287.232
138	287.26	275.585	290.04	287.559	281.7	286.091	267.32	274.195	284.12	275.301	291.51	286.749	279.43	286.288
139	286.48	274.824	289.1	286.611	280.79	285.163	266.6	273.448	283.34	274.545	290.59	285.814	278.53	285.359
140	285.7	274.073	288.17	285.676	279.91	284.25	265.89	272.711	282.59	273.8	289.66	284.894	277.63	284.443
141	284.94	273.332	287.25	284.757	279.04	283.349	265.18	271.983	281.83	273.064	288.77	283.988	276.76	283.541
142	284.19	272.601	286.36	283.851	278.16	282.463	264.5	271.264	281.11	272.337	287.89	283.095	275.9	282.653
143	283.44	271.879	285.47	282.959	277.32	281.589	263.8	270.553	280.37	271.62	287.01	282.216	275.03	281.777
144	282.7	271.166	284.6	282.08	276.47	280.727	263.12	269.851	279.65	270.912	286.15	281.349	274.19	280.914
145	281.98	270.463	283.74	281.214	275.65	279.878	262.46	269.158	278.93	270.213	285.31	280.495	273.35	280.063
146	280.9	269.768	282.47	280.36	274.42	279.041	261.47	268.472	277.88	269.523	284.04	279.654	272.13	279.224
147	279.84	269.082	281.23	279.52	273.21	278.216	260.48	267.795	276.84	268.841	282.81	278.824	270.93	278.397
148	279.14	268.404	280.41	278.691	272.43	277.402	259.85	267.125	276.16	268.168	282.01	278.006	270.14	277.581
149	278.46	267.735	279.61	277.873	271.66	276.6	259.22	266.463	275.48	267.502	281.2	277.2	269.36	276.777
150	277.79	267.075	278.82	277.068	270.89	275.808	258.58	265.808	274.83	266.845	280.43	276.404	268.6	275.983
151	277.12	266.422	278.03	276.273	270.13	275.027	257.98	265.161	274.18	266.197	279.66	275.62	267.84	275.2
152	276.46	265.777	277.26	275.49	269.4	274.257	257.37	264.521	273.53	265.555	278.9	274.847	267.1	274.428
153	275.8	265.14	276.5	274.717	268.66	273.496	256.75	263.888	272.88	264.922	278.14	274.084	266.37	273.666
154	275.14	264.511	275.75	273.955	267.93	272.746	256.17	263.261	272.24	264.296	277.4	273.331	265.64	272.914
155	274.2	263.89	274.65	273.203	266.86	272.005	255.3	262.642	271.32	263.678	276.31	272.588	264.56	272.171
156	273.28	263.275	273.57	272.461	265.82	271.274	254.43	262.029	270.4	263.067	275.24	271.855	263.52	271.438
157	272.66	262.668	272.87	271.729	265.13	270.552	253.86	261.423	269.79	262.463	274.54	271.132	262.83	270.714
158	272.06	262.068	272.15	271.007	264.46	269.839	253.3	260.824	269.2	261.866	273.85	270.418	262.15	270
159	271.45	261.476	271.46	270.294	263.79	269.135	252.74	260.23	268.62	261.276	273.17	269.714	261.49	269.294
160	270.87	260.89	270.78	269.59	263.13	268.44	252.2	259.643	268.03	260.693	272.49	269.018	260.82	268.597
161	270.26	260.31	270.12	268.895	262.48	267.753	251.66	259.062	267.46	260.116	271.82	268.331	260.16	267.909
162	269.69	259.738	269.45	268.209	261.85	267.075	251.13	258.486	266.89	259.547	271.16	267.653	259.53	267.229
163	269.13	259.172	268.79	267.532	261.21	266.405	250.6	257.917	266.34	258.983	270.52	266.984	258.88	266.557
164	268.3	258.613	267.83	266.863	260.28	265.742	249.82	257.353	265.52	258.426	269.56	266.322	257.97	265.893
165	267.46	258.059	266.88	266.202	259.36	265.088	249.05	256.795	264.7	257.876	268.64	265.669	257.03	265.238
166	266.91	257.512	266.27	265.55	258.76	264.441	248.55	256.242	264.16	257.331	268.02	265.024	256.44	264.589
167	266.38	256.972	265.65	264.905	258.16	263.802	248.06	255.695	263.65	256.793	267.41	264.387	255.85	263.949
168	265.84	256.437	265.04	264.269	257.57	263.17	247.55	255.153	263.11	256.26	266.8	263.757	255.25	263.315
169	265.32	255.908	264.45	263.64	257.01	262.546	247.07	254.616	262.61	255.734	266.21	263.135	254.67	262.689
170	264.8	255.385	263.86	263.018	256.44	261.928	246.59	254.084	262.1	255.213	265.64	262.521	254.09	262.07
171	264.28	254.868	263.26	262.404	255.88	261.318	246.11	253.558	261.59	254.698	265.06	261.913	253.53	261.458
172	263.52	254.356	262.4	261.797	255.02	260.714	245.41	253.036	260.85	254.189	264.19	261.313	252.68	260.853
173	262.77	253.85	261.56	261.198	254.2	260.117	244.72	252.519	260.11	253.685	263.35	260.72	251.86	260.255
174	262.29	253.349	261.01	260.605	253.67	259.526	244.26	252.007	259.63	253.186	262.79	260.134	251.33	259.663
175	261.81	252.854	260.46	260.019	253.14	258.942	243.81	251.499	259.16	252.693	262.26	259.554	250.79	259.077
176	261.33	252.364	259.92	259.44	252.62	258.364	243.37	250.996	258.69	252.205	261.72	258.981	250.27	258.498
177	260.86	251.88	259.38	258.867	252.09	257.792	242.93	250.498	258.22	251.723	261.18	258.414	249.74	257.925
178	260.39	251.4	258.85	258.301	251.58	257.227	242.5	250.004	257.76	251.245	260.66	257.854	249.23	257.358
179	259.93	250.926	258.33	257.741	251.08	256.667	242.07	249.515	257.31	250.772	260.14	257.3	248.72	256.797
180	259.47	250.456	257.81	257.188	250.57	256.113	241.64	249.029	256.86	250.305	259.62	256.753	248.23	256.242
181	259.01	249.992	257.31	256.64	250.07	255.565	241.22	248.548	256.42	249.842	259.13	256.211	247.72	255.693
182	258.34	249.532	256.56	256.099	249.35	255.022	240.61	248.072	255.77	249.384	258.38	255.675	246.98	255.149
183	257.69	249.077	255.81	255.563	248.63	254.485	239.99	247.599	255.11	248.931	257.65	255.145	246.27	254.611
184	257.26	248.627	255.33	255.034	248.17	253.953	239.59	247.13	254.7	248.483	257.17	254.621	245.81	254.078
185	256.82	248.181	254.85	254.51	247.7	253.427	239.19	246.665	254.27	248.039	256.68	254.103	245.33	253.551
186	256.41	247.74	254.38	253.991	247.24	252.906	238.78	246.204	253.85	247.6	256.22	253.59	244.86	253.029
187	255.98	247.304	253.9	253.479	246.79	252.39	238.41	245.747	253.45	247.165	255.75	253.082	244.41	252.512
188	255.57	246.872	253.45	252.971	246.34	251.879	238.02	245.294	253.04	246.734	255.3	252.58	243.96	252
189	255.17	246.444	252.98	252.469	245.89	251.373	237.64	244.844	252.65	246.308	254.84	252.083	243.51	251.493
190	254.56	246.02	252.32	251.972	245.23	250.872	237.09	244.398	252.07	245.886	254.18	251.592	242.85	250.991
191	253.97	245.601	251.66	251.481	244.59	250.376	236.53	243.956	251.48	245.469	253.51	251.105	242.21	250.494
192	253.58	245.186	251.21	250.994	244.16	249.884	236.17	243.517	251.1	245.055	253.08	250.624	241.78	250.001
193	253.21	244.775	250.78	250.513	243.75	249.397	235.83	243.081	250.72	244.646	252.65	250.147	241.37	249.514
194	252.82	244.368	250.36	250.036	243.33	248.915	235.46	242.649	250.33	244.24	252.23	249.675	240.94	249.03
195	252.44	243.966	249.94	249.564	242.92	248.437	235.11	242.221	249.98	243.839	251.81	249.209	240.57	248.552
196	252.07	243.567	249.54	249.097	242.56	247.964	234.76	241.796	249.61	243.442	251.4	248.746	240.16	248.077
197	251.71	243.172	249.12	248.635	242.17	247.494	234.4	241.373	249.25	243.048	250.99	248.289	239.74	247.607
198	251.34	242.781	248.7	248.177	241.72	247.029	234.08	240.955	248.89	242.659	250.58	247.836	239.34	247.142
199	250.99	242.393	248.3	247.724	241.34	246.569	233.74	240.539	248.54	242.273	250.18	247.387	238.94	246.68
200	250.46	242.01	247.71	247.275	240.76	246.112	233.25	240.127	248.02	241.89	249.59	246.943	238.36	246.223
201	249.92	241.63	247.13	246.831	240.2	245.66	232.76	239.717	247.51	241.512	249.03	246.503	237.8	245.77
202	249.59	241.253	246.76	246.391	239.81	245.211	232.44	239.311	247.17	241.137	248.64	246.068	237.43	245.321
203	249.24	240.881	246.36	245.955	239.44	244.766	232.12	238.907	246.83	240.765	248.27	245.636	237.06	244.875
204	248.91	240.511	245.99	245.523	239.09	244.326	231.8	238.507	246.51	240.397	247.88	245.209	236.69	244.434
205	248.58	240.146	245.63	245.096	238.73	243.889	231.51	238.109	246.18	240.033	247.53	244.786	236.34	243.996
206	248.25	239.784	245.26	244.673	238.37	243.456	231.19	237.715	245.87	239.673	247.16	244.367	235.96	243.563
207	247.9	239.425	244.9	244.253	238.02	243.026	230.88	237.323	245.53	239.315	246.8	243.952	235.63	243.133
208	247.43	239.069	244.36	243.837	237.5	242.6	230.44	236.934	245.07	238.96	246.27	243.541	235.09	242.706
209	246.95	238.717	243.84	243.426	236.98	242.178	229.99	236.548	244.6	238.609	245.75	243.134	234.56	242.283
210	246.63	238.368	243.47	243.019	236.64	241.76	229.7	236.165	244.28	238.262	245.4	242.731	234.23	241.864
211	246.33	238.022	243.15	242.614	236.31	241.344	229.41	235.783	243.98	237.917	245.05	242.33	233.89	241.448
212	246.03	237.679	242.82	242.214	236	240.932	229.12	235.405	243.69	237.576	244.72	241.934	233.57	241.035
213	245.73	237.341	242.47	241.818	235.65	240.524	228.84	235.03	243.39	237.238	244.38	241.543	233.23	240.627
214	245.42	237.003	242.14	241.424	235.33	240.118	228.56	234.656	243.1	236.902	244.06	241.153	232.91	240.221
215	245.13	236.671	241.82	241.035	235.01	239.717	228.29	234.286	242.81	236.571	243.74	240.768	232.6	239.819
216	244.84	236.341	241.48	240.649	234.69	239.319	228.01	233.918	242.52	236.242	243.42	240.386	232.29	239.42
217	244.55	236.012	241.17	240.266	234.39	238.922	227.74	233.552	242.24	235.914	243.09	240.007	231.96	239.023
218	244.12	235.689	240.69	239.889	233.92	238.532	227.35	233.191	241.83	235.593	242.62	239.634	231.5	238.632
219	243.7	235.366	240.23	239.511	233.46	238.14	226.94	232.828	241.41	235.27	242.15	239.26	231.03	238.241
220	243.42	235.049	239.94	239.14	233.17	237.756	226.69	232.472	241.14	234.955	241.85	238.893	230.75	237.856
221	243.15	234.732	239.62	238.77	232.87	237.372	226.43	232.114	240.88	234.639	241.55	238.527	230.44	237.471
222	242.89	234.42	239.33	238.405	232.59	236.992	226.18	231.761	240.61	234.327	241.26	238.166	230.16	237.091
223	242.62	234.109	239.03	238.042	232.29	236.615	225.94	231.41	240.37	234.018	240.96	237.807	229.87	236.713
224	242.35	233.801	238.73	237.682	232.02	236.24	225.69	231.061	240.1	233.711	240.68	237.451	229.59	236.339
225	242.1	233.497	238.46	237.326	231.74	235.869	225.45	230.715	239.85	233.408	240.39	237.099	229.32	235.967
226	241.84	233.194	238.17	236.972	231.46	235.5	225.21	230.369	239.6	233.106	240.12	236.748	229.02	235.597
227	241.46	232.895	237.75	236.622	231.05	235.135	224.85	230.028	239.23	232.808	239.69	236.403	228.61	235.232
228	241.08	232.597	237.34	236.274	230.65	234.771	224.49	229.687	238.85	232.511	239.28	236.058	228.2	234.868
229	240.84	232.303	237.06	235.93	230.37	234.411	224.26	229.349	238.61	232.218	238.99	235.718	227.96	234.508
230	240.59	232.011	236.79	235.589	230.11	234.054	224.03	229.013	238.38	231.927	238.73	235.38	227.66	234.15
231	240.35	231.72	236.53	235.249	229.85	233.697	223.8	228.679	238.14	231.638	238.47	235.044	227.42	233.793
232	240.11	231.436	236.27	234.915	229.6	233.347	223.6	228.349	237.91	231.354	238.23	234.714	227.16	233.443
233	239.86	231.147	236	234.578	229.33	232.994	223.35	228.016	237.74	231.066	237.96	234.381	226.91	233.089
234	239.53	230.87	235.63	234.253	228.98	232.651	223.12	227.693	237.74	230.79	237.69	234.059	226.61	232.747
235	239.22	230.583	235.18	233.919	228.58	232.3	222.86	227.361	237.48	230.505	237.39	233.729	226.27	232.395
236	238.83	230.312	234.61	233.601	228.07	231.964	222.46	227.044	237.09	230.235	236.99	233.414	225.84	232.059
237	238.46	230.031	234.13	233.271	227.64	231.618	222.11	226.716	236.66	229.954	236.53	233.089	225.42	231.712
238	238.23	229.762	233.84	232.956	227.36	231.285	221.85	226.401	236.34	229.686	236.18	232.777	225.13	231.379
239	237.99	229.49	233.56	232.638	227.08	230.948	221.64	226.082	236.05	229.415	235.89	232.462	224.89	231.042
240	237.77	229.219	233.32	232.32	226.84	230.613	221.4	225.763	235.77	229.145	235.56	232.148	224.63	230.707
241	237.52	228.959	233.05	232.015	226.59	230.289	221.18	225.455	235.49	228.886	235.25	231.846	224.37	230.383
242	237.31	228.685	232.8	231.696	226.35	229.951	220.95	225.134	235.22	228.613	234.95	231.531	224.11	230.045
243	237.09	228.432	232.55	231.397	226.1	229.634	220.71	224.832	234.97	228.36	234.67	231.235	223.91	229.727
244	236.86	228.167	232.28	231.087	225.84	229.305	220.49	224.518	234.66	228.096	234.31	230.929	223.64	229.398
245	236.51	227.908	231.91	230.784	225.48	228.983	220.16	224.211	234.3	227.839	233.87	230.629	223.29	229.076
246	236.17	227.659	231.53	230.491	225.11	228.671	219.82	223.913	233.93	227.591	233.44	230.34	222.95	228.764
247	235.94	227.394	231.28	230.181	224.87	228.342	219.6	223.599	233.68	227.326	233.14	230.034	222.71	228.435
248	235.72	227.151	231.03	229.895	224.66	228.037	219.39	223.306	233.41	227.085	232.81	229.751	222.45	228.129
